,Total expenditures on sports activities and equipments (Euros),"Current expenditures, Total (Euros)","Current expenditures, of which, Sports activities (Euros)","Current expenditures, of which, Sports associations (Euros)","Current expenditures, of which, Construction and maintenance of sports infrastructures (Euros)","Capital expenditures, Total, Construction and maintenance of sports infrastructures (Euros)","Capital expenditures, of which, Sports activities (Euros)","Capital expenditures, of which, Sports associations (Euros)","Capital expenditures, of which, Construction and maintenance of sports infrastructures (Euros)"
Portugal,323347186,233104825,86725711,65929750,40511880,90242361,3197377,11840714,35855066
Continente,312433969,225869035,84631136,62875284,40021548,86564934,3192739,11322475,34290028
Norte,111329610,81838709,33966667,25046260,7516002,29490901,1863638,4044131,11567568
Alto Minho,8634654,5188851,1683445,2132590,981057,3445803,17448,927223,237628
Arcos de Valdevez,1458344,1039119,183139,231287,479239,419225,0,90704,118330
Caminha,314800,314800,234800,80000,0,0,0,0,0
Melgaço,170815,170815,28000,142815,0,0,0,0,0
Monção,715293,496338,318893,103877,28891,218955,0,35812,0
Paredes de Coura,532950,240826,34828,81836,124162,292124,0,278611,13513
Ponte da Barca,113210,43650,43650,0,0,69560,0,0,69560
Ponte de Lima,2652619,746224,0,195831,348765,1906395,0,0,36225
Valença,646308,628860,223459,405401,0,17448,17448,0,0
Viana do Castelo,1692432,1171836,425251,746585,0,520596,0,520596,0
Vila Nova de Cerveira,337883,336383,191425,144958,0,1500,0,1500,0
Cávado,8369820,7214126,5561799,1340667,3295,1155694,14491,477935,147015
Amares,162892,162892,162892,0,0,0,0,0,0
Barcelos,2794768,1862001,1061676,614598,3295,932767,10446,406458,147015
Braga,3994282,3990237,3990237,0,0,4045,4045,0,0
Esposende,991387,843982,346994,496988,0,147405,0,0,0
Terras de Bouro,37875,37875,0,37875,0,0,0,0,0
Vila Verde,388616,317139,0,191206,0,71477,0,71477,0
Ave,13536899,10964110,5568362,3452758,1639591,2572789,1311824,932265,143136
Cabeceiras de Basto,103100,103100,24600,78500,0,0,0,0,0
Fafe,1577210,1411372,330288,640940,378890,165838,0,165838,0
Guimarães,4241216,2664597,1999654,654728,10215,1576619,1309919,0,92056
Mondim de Basto,77490,77490,33000,44490,0,0,0,0,0
Póvoa de Lanhoso,1004542,983421,42885,342670,552806,21121,0,4680,10792
Vieira do Minho,128150,128150,52150,76000,0,0,0,0,0
Vila Nova de Famalicão,5644076,4834865,3078428,870458,697680,809211,1905,761747,40288
Vizela,761115,761115,7357,744972,0,0,0,0,0
A. M. Porto,53018391,38335320,14410516,9688246,2527107,14683071,86315,893764,8145750
Arouca,1745692,1140728,104442,116296,667225,604964,0,0,7600
Espinho,1273756,74400,6150,68250,0,1199356,0,0,1199356
Gondomar,3616787,2801317,1180472,713875,75665,815470,0,0,435560
Maia,5490700,5490700,1743028,1566237,622294,0,0,0,0
Matosinhos,13998327,11303200,5708797,3293269,0,2695127,0,178371,500326
Oliveira de Azeméis,759804,562161,8995,533029,5380,197643,475,0,53316
Paredes,3998784,766465,300094,350470,82737,3232319,0,408345,2449434
Porto,8579474,7451558,1216269,0,0,1127916,0,0,1127916
Póvoa de Varzim,2521864,1846134,894231,712775,0,675730,0,0,0
Santa Maria da Feira,503090,417250,417250,0,0,85840,85840,0,0
Santo Tirso,421413,421413,264563,125600,15000,0,0,0,0
São João da Madeira,1390885,1221669,878976,342693,0,169216,0,0,0
Trofa,152969,119624,20750,62924,2005,33345,0,33345,0
Vale de Cambra,681695,671531,183234,73955,397563,10164,0,0,8575
Valongo,2712103,1042183,974148,0,68030,1669920,0,0,1644115
Vila do Conde,1173801,1173801,30000,930915,173393,0,0,0,0
Vila Nova de Gaia,3997247,1831186,479117,797958,417815,2166061,0,273703,719552
Alto Tâmega,6198131,4294721,1589828,1327478,486085,1903410,26184,210000,436474
Boticas,219500,219500,128000,23500,37000,0,0,0,0
Chaves,1319577,906332,256360,438597,210402,413245,26184,165000,10493
Montalegre,989061,752348,452348,300000,0,236713,0,45000,0
Ribeira de Pena,1613993,387775,10513,117330,230610,1226218,0,0,425981
Valpaços,698459,698459,462990,235469,0,0,0,0,0
Vila Pouca de Aguiar,1357541,1330307,279617,212582,8073,27234,0,0,0
Tâmega e Sousa,11527240,8005607,2093655,4832516,554630,3521633,339498,360644,1262647
Amarante,1823781,999842,359353,457714,152459,823939,0,0,225156
Baião,376118,298608,62808,125000,60870,77510,9498,6150,129
Castelo de Paiva,274456,216918,4578,212340,0,57538,0,0,10660
Celorico de Basto,1112386,970169,275343,290988,122564,142217,0,0,0
Cinfães,292861,289204,286582,750,1872,3657,0,0,0
Felgueiras,65213,0,0,0,0,65213,0,0,1094
Lousada,1083750,237152,3452,188657,45043,846598,0,0,846598
Marco de Canaveses,979009,507338,0,438989,0,471671,0,335190,136481
Paços de Ferreira,2555915,2555915,165070,2387578,0,0,0,0,0
Penafiel,2346000,1432000,812000,620000,0,914000,330000,0,0
Resende,617751,498461,124469,110500,171822,119290,0,19304,42529
Douro,6216990,4537369,1548499,1317410,914098,1679621,67878,237300,958399
Alijó,256659,256659,250659,6000,0,0,0,0,0
Armamar,161504,161504,145122,3500,12882,0,0,0,0
Carrazeda de Ansiães,210878,210878,13851,15000,49617,0,0,0,0
Freixo de Espada à Cinta,187819,187819,187819,0,0,0,0,0,0
Lamego,219165,206585,0,180324,21725,12580,0,0,6495
Mesão Frio,16783,16783,0,16783,0,0,0,0,0
Moimenta da Beira,501815,501815,290352,137750,24235,0,0,0,0
Murça,65169,65169,0,65169,0,0,0,0,0
Penedono,148057,137540,31269,89400,16871,10517,0,0,0
Peso da Régua,233000,233000,233000,0,0,0,0,0,0
Sabrosa,124094,33212,15212,18000,0,90882,0,0,27727
Santa Marta de Penaguião,468451,468451,70251,164002,0,0,0,0,0
São João da Pesqueira,143289,113209,86788,26421,0,30080,0,0,30080
Sernancelhe,856573,134955,108358,18000,8597,721618,67878,0,653740
Tabuaço,32647,23150,0,23150,0,9497,0,0,0
Tarouca,335974,335974,40815,109368,97473,0,0,0,0
Torre de Moncorvo,146455,24000,0,24000,0,122455,0,80000,42455
Vila Nova de Foz Côa,163461,163461,0,62500,11210,0,0,0,0
Vila Real,1945197,1263205,75003,358043,671488,681992,0,157300,197902
Terras de Trás-os-Montes,3827485,3298605,1510563,954595,410139,528880,0,5000,236519
Alfândega da Fé,481467,481467,454091,0,27376,0,0,0,0
Bragança,890201,697816,466024,185516,17127,192385,0,0,0
Macedo de Cavaleiros,409901,409901,239616,164100,0,0,0,0,0
Miranda do Douro,50488,50488,1344,49144,0,0,0,0,0
Mirandela,564203,518489,120542,315300,46447,45714,0,5000,7267
Mogadouro,714784,484024,123968,46000,149956,230760,0,0,224617
Vila Flor,415114,359728,1621,52500,135320,55386,0,0,0
Vimioso,81275,81275,20000,61035,0,0,0,0,0
Vinhais,220052,215417,83357,81000,33913,4635,0,0,4635
Centro,87917581,60915006,17507460,17767798,16213527,27002575,364592,3270775,10181281
Oeste,9554568,6723905,1572971,2321309,2221087,2830663,78207,130908,2022234
Alcobaça,1780638,535949,16080,396728,121175,1244689,0,0,1103309
Alenquer,681010,390141,25480,174506,74675,290869,0,0,1803
Arruda dos Vinhos,245636,238251,42075,58801,98160,7385,4489,0,2480
Bombarral,329600,329600,0,0,305452,0,0,0,0
Cadaval,48653,48653,0,48653,0,0,0,0,0
Caldas da Rainha,1664427,1563458,62122,777384,524149,100969,0,100969,0
Lourinhã,337495,272837,61135,152500,34202,64658,4420,0,60238
Nazaré,1825401,1509473,635796,197717,599449,315928,0,29939,285989
Óbidos,387800,387800,360450,27350,0,0,0,0,0
Peniche,879643,589480,94129,0,368936,290163,69298,0,217613
Sobral de Monte Agraço,356296,246327,151438,0,94889,109969,0,0,109969
Torres Vedras,1017969,611936,124266,487670,0,406033,0,0,240833
Região de Aveiro,14046724,8035924,833799,2809647,3501867,6010800,55835,1296539,1403374
Águeda,1091911,1078402,161427,469971,411963,13509,0,0,13509
Albergaria-a-Velha,2305532,1152328,38188,197416,521935,1153204,0,0,0
Anadia,135727,13407,0,0,0,122320,5535,0,31192
Aveiro,4203407,1040999,227633,445730,366283,3162408,0,631551,552759
Estarreja,1111451,919880,216227,347001,176119,191571,0,0,153414
Ílhavo,1264902,730099,13873,0,684467,534803,0,459742,75061
Murtosa,372495,308648,104710,64526,0,63847,50300,13547,0
Oliveira do Bairro,949453,596807,0,93226,446627,352646,0,78955,273691
Ovar,1326141,1235078,0,763764,471314,91063,0,9394,81669
Sever do Vouga,721337,617987,1020,157421,423159,103350,0,103350,0
Vagos,564368,342289,70721,270592,0,222079,0,0,222079
Região de Coimbra,18075154,13137989,6020339,3664776,1574889,4937165,97056,347361,1599625
Arganil,379772,379772,214392,62475,102905,0,0,0,0
Cantanhede,1036933,1002759,51972,193085,622961,34174,3690,0,10503
Coimbra,5037301,3502037,2491222,1010815,0,1535264,0,0,1049283
Condeixa-a-Nova,1220414,1136753,814786,287408,0,83661,83661,0,0
Figueira da Foz,2188569,1296681,318690,289715,287069,891888,9705,36500,20629
Góis,241573,189773,33378,9529,89686,51800,0,51800,0
Lousã,538752,458489,60745,397744,0,80263,0,0,13817
Mealhada,931280,555904,390904,165000,0,375376,0,0,375376
Mira,780723,341095,177120,65887,98088,439628,0,8852,17853
Miranda do Corvo,411685,377049,7260,77160,0,34636,0,34636,0
Montemor-o-Velho,1673447,888678,206746,89314,0,784769,0,1111,0
Mortágua,698399,583399,368941,0,160721,115000,0,115000,0
Oliveira do Hospital,644104,609945,26599,393752,112750,34159,0,34159,0
Pampilhosa da Serra,209984,209984,158084,51900,0,0,0,0,0
Penacova,766624,661063,265329,217163,17832,105561,0,0,104312
Penela,156229,127101,77156,36239,12611,29128,0,20291,1632
Soure,630706,295038,46602,175800,0,335668,0,45012,30
Tábua,432017,425827,241261,114300,70266,6190,0,0,6190
Vila Nova de Poiares,96642,96642,69152,27490,0,0,0,0,0
Região de Leiria,10978870,6753170,1868774,1755154,2101919,4225700,44905,472308,2912265
Alvaiázere,187674,187674,130454,57220,0,0,0,0,0
Ansião,454629,454629,0,67405,359818,0,0,0,0
Batalha,880485,374136,278877,95259,0,506349,0,2980,484897
Castanheira de Pêra,63500,13500,13500,0,0,50000,0,0,0
Figueiró dos Vinhos,338802,293897,293897,0,0,44905,44905,0,0
Leiria,4800745,2569450,267698,565619,1054503,2231295,0,0,2211686
Marinha Grande,1403432,1135841,310068,495910,222135,267591,0,199222,55453
Pedrógão Grande,137524,137524,1594,50021,50325,0,0,0,0
Pombal,2151304,1099485,393841,309573,272153,1051819,0,196365,160229
Porto de Mós,560775,487034,178845,114147,142985,73741,0,73741,0
Viseu Dão Lafões,10809684,7646028,2274760,2758522,1502766,3163656,0,290484,507008
Aguiar da Beira,138143,113143,0,48143,35000,25000,0,0,25000
Carregal do Sal,302691,302691,195669,107022,0,0,0,0,0
Castro Daire,411276,278216,69038,209178,0,133060,0,0,133060
Mangualde,77940,77940,610,29796,42515,0,0,0,0
Nelas,377529,377529,0,250050,12479,0,0,0,0
Oliveira de Frades,790367,395091,160729,60000,98583,395276,0,0,43826
Penalva do Castelo,320505,320505,110,208730,53104,0,0,0,0
Santa Comba Dão,244469,182515,156257,24195,0,61954,0,26931,8092
São Pedro do Sul,1000339,660235,7279,245136,401147,340104,0,0,213104
Sátão,632357,485230,318,217703,254971,147127,0,0,0
Tondela,1041066,975220,394235,372221,70334,65846,0,0,51670
Vila Nova de Paiva,231997,231997,175747,56250,0,0,0,0,0
Viseu,4714307,2779708,826997,822095,500891,1934599,0,210373,24746
Vouzela,526698,466008,287771,108003,33742,60690,0,53180,7510
Beira Baixa,5857372,3891283,1356888,1416721,321838,1966089,1963,214371,368249
Castelo Branco,2924578,2052343,565400,583516,306519,872235,0,158452,32914
Idanha-a-Nova,1072462,741583,218660,452000,15319,330879,0,0,323164
Oleiros,347388,331894,171616,160278,0,15494,0,15494,0
Penamacor,324610,192522,100522,92000,0,132088,0,0,12171
Proença-a-Nova,1000351,384958,142075,128927,0,615393,1963,40425,0
Vila Velha de Ródão,187983,187983,158615,0,0,0,0,0,0
Médio Tejo,11407892,8765423,1130469,1359691,3661295,2642469,0,336911,951795
Abrantes,2312733,1995647,370307,26539,18192,317086,0,0,0
Alcanena,1231255,491238,12919,65296,398087,740017,0,23600,94080
Constância,401265,394909,39465,34190,319202,6356,0,856,830
Entroncamento,1463296,506369,2952,73801,311814,956927,0,0,788877
Ferreira do Zêzere,360042,346764,227063,76245,21096,13278,0,13278,0
Mação,48225,27946,7318,20628,0,20279,0,0,15482
Ourém,1103552,752679,27492,272572,337876,350873,0,298363,0
Sardoal,268490,208035,12350,18858,7490,60455,0,0,19830
Sertã,1311684,1186295,171426,297828,547586,125389,0,0,32696
Tomar,1143822,1143822,79136,172247,816682,0,0,0,0
Torres Novas,1323192,1271383,26100,261160,717768,51809,0,814,0
Vila de Rei,157378,157378,37312,28327,11173,0,0,0,0
Vila Nova da Barquinha,282958,282958,116629,12000,154329,0,0,0,0
Beiras e Serra da Estrela,7187317,5961284,2449460,1681978,1327866,1226033,86626,181893,416731
Almeida,654916,429932,316422,72187,35225,224984,0,0,224984
Belmonte,216040,129130,18589,110541,0,86910,0,65803,0
Celorico da Beira,123084,108112,21269,28000,48808,14972,0,0,0
Covilhã,1029349,913259,0,325578,458522,116090,0,116090,0
Figueira de Castelo Rodrigo,47600,47600,30000,16000,1600,0,0,0,0
Fornos de Algodres,107328,107328,37839,33000,36489,0,0,0,0
Fundão,860762,690245,252662,220740,192554,170517,0,0,41598
Gouveia,651597,383823,221147,71075,47700,267774,0,0,0
Guarda,1299980,1213354,925755,256444,0,86626,86626,0,0
Manteigas,167638,96481,14134,53667,15488,71157,0,0,0
Mêda,35986,35986,986,35000,0,0,0,0,0
Pinhel,133825,133825,115005,0,18820,0,0,0,0
Sabugal,623185,486126,269853,174220,42053,137059,0,0,137059
Seia,903649,899248,207864,163026,331892,4401,0,0,411
Trancoso,332378,286835,17935,122500,98715,45543,0,0,12679
A. M. Lisboa,51728474,38797190,18757247,7520246,4626807,12931284,633863,2279877,3028828
Alcochete,1623416,782333,536176,246157,0,841083,0,0,0
Almada,3026825,2851653,1045199,64339,1495235,175172,0,62900,112272
Amadora,1205286,935477,199183,209744,10664,269809,0,12099,257710
Barreiro,1631610,1549136,451800,345322,681874,82474,0,82474,0
Cascais,3325363,2507567,597738,542638,0,817796,2099,405724,253779
Lisboa,7841081,7137866,3075678,874486,12675,703215,167486,380646,71083
Loures,1305634,1305634,496273,285691,0,0,0,0,0
Mafra,2188993,2070182,1998362,71820,0,118811,0,0,118811
Moita,876616,808972,143667,110443,354650,67644,0,13670,35208
Montijo,587451,587451,0,573732,13719,0,0,0,0
Odivelas,3168256,2926980,1993789,843073,70539,241276,42012,43780,35957
Oeiras,3256379,2600940,654285,1481769,0,655439,0,483954,0
Palmela,822710,287468,190704,25287,0,535242,1476,61620,409620
Seixal,9386141,4180691,3218853,207006,0,5205450,0,512414,0
Sesimbra,915993,541951,39099,457822,39985,374042,0,35728,176980
Setúbal,2435004,2382352,1755774,358158,188274,52652,8014,44638,0
Sintra,3289748,2736742,1965626,726579,34418,553006,412776,140230,0
Vila Franca de Xira,4841968,2603795,395041,96180,1724774,2238173,0,0,1557408
Alentejo,33425371,25779987,8861589,6532628,6352073,7645384,171907,1099835,3130045
Alentejo Litoral,4989087,4077924,1876994,1017181,587335,911163,79032,93405,690632
Alcácer do Sal,1544568,928327,104603,106388,282725,616241,0,0,568147
Grândola,1074743,995711,648906,185002,0,79032,79032,0,0
Odemira,450300,439321,157876,281445,0,10979,0,10979,0
Santiago do Cacém,1166797,1033549,510971,266990,255588,133248,0,23223,110025
Sines,752679,681016,454638,177356,49022,71663,0,59203,12460
Baixo Alentejo,6122210,5035794,1664541,1421713,586281,1086416,283,163048,272290
Aljustrel,705492,657369,382548,124195,65839,48123,0,0,0
Almodôvar,589770,589770,164525,158387,0,0,0,0,0
Alvito,215816,213316,24156,187745,0,2500,0,2500,0
Barrancos,231100,74400,45900,28500,0,156700,0,0,0
Beja,909375,674134,78333,303406,153639,235241,0,0,203432
Castro Verde,648272,583580,166706,199853,121921,64692,0,64692,0
Cuba,217203,203519,164709,34625,2424,13684,0,0,11531
Ferreira do Alentejo,65102,65102,0,9788,16616,0,0,0,0
Mértola,325118,278510,167814,82788,24200,46608,0,15080,29344
Moura,545481,437025,165545,124302,14140,108456,283,80776,25721
Ourique,215865,215865,122108,45450,48307,0,0,0,0
Serpa,867722,583482,98134,73651,90313,284240,0,0,2003
Vidigueira,585894,459722,84063,49023,48882,126172,0,0,259
Lezíria do Tejo,9101068,8100865,1902378,1591183,3740543,1000203,0,405001,400086
Almeirim,1146776,1026350,0,272093,565502,120426,0,0,0
Alpiarça,344771,337969,58821,37432,241716,6802,0,0,6802
Azambuja,488026,488026,268105,104321,36336,0,0,0,0
Benavente,1546495,1546495,30027,419718,962051,0,0,0,0
Cartaxo,547763,527738,67010,0,353759,20025,0,0,3589
Chamusca,571334,174981,141681,33300,0,396353,0,0,366791
Coruche,357587,346268,77631,139589,0,11319,0,11319,0
Golegã,116234,93330,24371,68959,0,22904,0,0,22904
Rio Maior,1949001,1897423,76452,75978,1576429,51578,0,51578,0
Salvaterra de Magos,826655,457434,341469,91335,0,369221,0,342104,0
Santarém,1206426,1204851,816811,348458,4750,1575,0,0,0
Alto Alentejo,6524298,3652209,1794455,1113246,357651,2872089,59810,196682,1711902
Alter do Chão,146412,73253,157,13457,44203,73159,0,0,43023
Arronches,381652,130694,8916,121778,0,250958,0,0,250958
Avis,321098,171021,118422,51937,662,150077,0,0,0
Campo Maior,262917,262917,262917,0,0,0,0,0,0
Castelo de Vide,489620,406199,159581,26000,112408,83421,2786,0,64560
Crato,73981,73981,73981,0,0,0,0,0,0
Elvas,488374,241698,0,144373,25509,246676,0,47010,136073
Fronteira,183566,12995,4095,8000,0,170571,0,0,100747
Gavião,39500,39500,0,39500,0,0,0,0,0
Marvão,28583,28583,28583,0,0,0,0,0,0
Monforte,240824,240824,202909,37915,0,0,0,0,0
Nisa,388493,319652,73597,69395,33503,68841,57024,0,0
Ponte de Sor,1162882,1003622,542731,460891,0,159260,0,149672,0
Portalegre,2034443,410235,295009,107000,0,1624208,0,0,1071623
Sousel,281953,237035,23557,33000,141366,44918,0,0,44918
Alentejo Central,6688708,4913195,1623221,1389305,1080263,1775513,32782,241699,55135
Alandroal,193842,193842,163514,0,0,0,0,0,0
Arraiolos,426730,261140,157230,84756,1539,165590,0,39547,12146
Borba,419040,99081,43158,16065,37130,319959,0,0,0
Estremoz,297285,297285,163851,130859,2575,0,0,0,0
Évora,758598,727941,159179,49859,44366,30657,739,0,0
Montemor-o-Novo,774620,699140,373683,297421,8219,75480,22391,32275,20814
Mora,155604,141351,74341,25882,11392,14253,0,0,0
Mourão,267183,216712,4882,3000,146402,50471,9652,0,8139
Portel,1307653,453708,74825,96850,153054,853945,0,0,0
Redondo,225690,225690,72660,110260,14560,0,0,0,0
Reguengos de Monsaraz,863460,863460,22023,239551,601886,0,0,0,0
Vendas Novas,467574,410661,304311,72249,12598,56913,0,0,0
Viana do Alentejo,394875,210962,9162,171105,30695,183913,0,169877,14036
Vila Viçosa,136554,112222,402,91448,15847,24332,0,0,0
Algarve,28032933,18538143,5538173,6008352,5313139,9494790,158739,627857,6382306
Albufeira,3084853,2805868,707500,1253957,470169,278985,0,54652,117258
Alcoutim,165663,158138,40606,77650,14608,7525,0,7525,0
Aljezur,381328,268557,31793,18806,197368,112771,0,89293,15868
Castro Marim,346826,346826,243330,85900,17596,0,0,0,0
Faro,1505051,751442,288879,462563,0,753609,0,0,753609
Lagoa,2900073,1812804,780158,378807,500288,1087269,112073,16100,140092
Lagos,3574120,2893358,779977,654000,1185983,680762,0,212441,6719
Loulé,9580995,3894042,73368,1365125,1796950,5686953,0,0,4993824
Monchique,276399,276399,247185,29214,0,0,0,0,0
Olhão,1128961,861261,575342,285919,0,267700,0,38208,121409
Portimão,544306,470246,0,470246,0,74060,0,74060,0
São Brás de Alportel,845954,744236,606720,137516,0,101718,0,85000,2487
Silves,1670323,1355452,1092631,180419,41592,314871,40950,50578,124188
Tavira,885240,778070,8848,587693,134938,107170,0,0,106852
Vila do Bispo,88089,82373,61836,20537,0,5716,5716,0,0
Vila Real de Santo António,1054752,1039071,0,0,953647,15681,0,0,0
R. A. Açores,7663247,4330938,752187,1959451,483870,3332309,2520,518239,1565038
Santa Maria,489641,365007,86266,82985,38511,124634,0,105800,0
Vila do Porto,489641,365007,86266,82985,38511,124634,0,105800,0
São Miguel,3495196,2354669,199261,1011683,255054,1140527,0,222700,115715
Lagoa (R.A.A.),172600,172600,0,172600,0,0,0,0,0
Nordeste,60618,60618,0,54550,0,0,0,0,0
Ponta Delgada,1591982,1591982,44333,513271,255054,0,0,0,0
Povoação,55181,20181,20181,0,0,35000,0,35000,0
Ribeira Grande,1480068,374541,0,271262,0,1105527,0,187700,115715
Vila Franca do Campo,134747,134747,134747,0,0,0,0,0,0
Terceira,1935829,712032,327149,284629,99176,1223797,2520,57356,769767
Angra do Heroísmo,1378148,448142,288123,59765,99176,930006,2520,57356,620958
Vila da Praia da Vitória,557681,263890,39026,224864,0,293791,0,0,148809
Graciosa,245822,217600,0,164766,29994,28222,0,0,0
Santa Cruz da Graciosa,245822,217600,0,164766,29994,28222,0,0,0
São Jorge,121560,121560,55820,61602,4138,0,0,0,0
Calheta (R.A.A.),34138,34138,0,30000,4138,0,0,0,0
Velas,87422,87422,55820,31602,0,0,0,0,0
Pico,280389,208305,73500,126000,0,72084,0,68894,0
Lajes do Pico,72084,0,0,0,0,72084,0,68894,0
Madalena,73500,73500,73500,0,0,0,0,0,0
São Roque do Pico,134805,134805,0,126000,0,0,0,0,0
Faial,1038364,295319,10191,185688,43150,743045,0,63489,679556
Horta,1038364,295319,10191,185688,43150,743045,0,63489,679556
Flores,47946,47946,0,33598,13847,0,0,0,0
Lajes das Flores,15936,15936,0,1588,13847,0,0,0,0
Santa Cruz das Flores,32010,32010,0,32010,0,0,0,0,0
Corvo,8500,8500,0,8500,0,0,0,0,0
Corvo,8500,8500,0,8500,0,0,0,0,0
R. A. Madeira,3249970,2904852,1342388,1095015,6462,345118,2118,0,0
Calheta (R.A.M.),352500,177500,0,177500,0,175000,0,0,0
Câmara de Lobos,277796,277796,70366,171738,4056,0,0,0,0
Funchal,1170583,1000465,797924,0,0,170118,2118,0,0
Machico,579671,579671,101520,250592,2406,0,0,0,0
Ponta do Sol,212382,212382,79776,130949,0,0,0,0,0
Porto Moniz,153400,153400,56750,96650,0,0,0,0,0
Ribeira Brava,142299,142299,142299,0,0,0,0,0,0
Santa Cruz,111908,111908,68425,43483,0,0,0,0,0
Santana,139717,139717,0,139717,0,0,0,0,0
São Vicente,91607,91607,19721,71886,0,0,0,0,0
Porto Santo,18107,18107,5607,12500,0,0,0,0,0
