,"Total, No","Sex, M, No","Sex, F, No","Age, Under 25 years, No","Age, 25-39 years, No","Age, 40-54 years, No","Age, 55 years and over, No","Values paid, 55 years and over, thousand euros"
Portugal,262545,122358,140187,108348,43567,53387,57243,312881
Continente,241443,112034,129409,99275,39540,48932,53696,291426
Norte,91914,42932,48982,33578,13999,20169,24168,114306
Alto Minho,2841,1432,1409,930,420,594,897,3597
Arcos de Valdevez,176,98,78,23,13,45,95,235
Caminha,237,113,124,61,42,50,84,298
Melgaço,64,32,32,13,6,15,30,83
Monção,142,76,66,31,7,32,72,170
Paredes de Coura,74,45,29,12,5,9,48,102
Ponte da Barca,114,55,59,23,10,27,54,134
Ponte de Lima,297,138,159,64,24,79,130,366
Valença,275,143,132,98,45,58,74,367
Viana do Castelo,1360,680,680,576,257,252,275,1708
Vila Nova de Cerveira,102,52,50,29,11,27,35,133
Cávado,3835,1787,2048,1498,580,801,956,4298
Amares,215,104,111,78,...,...,69,263
Barcelos,564,264,300,200,84,111,169,619
Braga,2374,1097,1277,951,361,506,556,2722
Esposende,302,143,159,111,60,61,70,314
Terras de Bouro,53,32,21,15,...,...,18,54
Vila Verde,327,147,180,143,45,65,74,326
Ave,4553,2228,2325,1600,636,1017,1300,5393
Cabeceiras de Basto,340,161,179,114,25,93,108,408
Fafe,564,274,290,209,84,104,167,640
Guimarães,1342,662,680,466,205,305,366,1513
Mondim de Basto,192,101,91,54,21,51,66,198
Póvoa de Lanhoso,203,101,102,46,21,44,92,265
Vieira do Minho,208,110,98,45,19,50,94,286
Vila Nova de Famalicão,1563,748,815,630,249,333,351,1905
Vizela,141,71,70,36,12,37,56,178
A. M. Porto,57653,26594,31059,21565,8995,12520,14573,72992
Arouca,239,101,138,56,23,48,112,311
Espinho,969,429,540,338,149,207,275,1145
Gondomar,5940,2727,3213,2356,957,1251,1376,7135
Maia,3547,1535,2012,1378,527,742,900,4519
Matosinhos,5655,2531,3124,2129,878,1170,1478,7030
Oliveira de Azeméis,589,283,306,186,69,138,196,747
Paredes,2322,1088,1234,840,309,521,652,2915
Porto,14769,7094,7675,5499,2523,3256,3491,19453
Póvoa de Varzim,1324,599,725,443,192,317,372,1752
Santa Maria da Feira,2273,1081,1192,778,300,517,678,2940
Santo Tirso,1321,642,679,509,189,284,339,1723
São João da Madeira,432,185,247,161,67,97,107,485
Trofa,684,287,397,256,97,147,184,813
Vale de Cambra,189,82,107,41,24,39,85,249
Valongo,3369,1469,1900,1304,497,738,830,4323
Vila do Conde,1119,564,555,446,186,231,256,1391
Vila Nova de Gaia,12912,5897,7015,4845,2008,2817,3242,16062
Alto Tâmega,2704,1432,1272,815,372,572,945,3334
Boticas,82,45,37,13,7,19,43,110
Chaves,1254,655,599,433,205,250,366,1630
Montalegre,234,135,99,59,23,53,99,274
Ribeira de Pena,217,111,106,49,17,44,107,251
Valpaços,581,298,283,172,78,134,197,679
Vila Pouca de Aguiar,336,188,148,89,42,72,133,390
Tâmega e Sousa,10874,4686,6188,3832,1398,2552,3092,13003
Amarante,1691,702,989,596,215,412,468,2048
Baião,711,286,425,243,95,171,202,813
Castelo de Paiva,273,124,149,97,29,61,86,309
Celorico de Basto,421,195,226,107,36,89,189,529
Cinfães,677,293,384,189,82,172,234,889
Felgueiras,884,411,473,330,109,223,222,1118
Lousada,740,337,403,262,89,177,212,852
Marco de Canaveses,1886,732,1154,674,262,446,504,2341
Paços de Ferreira,1310,622,688,485,187,283,355,1555
Penafiel,1745,723,1022,674,210,381,480,2004
Resende,536,261,275,175,84,137,140,543
Douro,6755,3375,3380,2269,1099,1545,1842,8385
Alijó,367,204,163,90,49,96,132,491
Armamar,172,89,83,49,22,43,58,186
Carrazeda de Ansiães,154,82,72,64,28,35,27,164
Freixo de Espada à Cinta,149,74,75,59,36,41,13,206
Lamego,764,378,386,254,106,176,228,1044
Mesão Frio,160,68,92,44,22,33,61,196
Moimenta da Beira,582,275,307,245,105,119,113,731
Murça,340,170,170,92,66,73,109,366
Penedono,95,55,40,36,12,24,23,96
Peso da Régua,915,448,467,341,146,224,204,1085
Sabrosa,189,87,102,60,23,47,59,198
Santa Marta de Penaguião,375,191,184,103,63,92,117,472
São João da Pesqueira,85,52,33,22,11,22,30,96
Sernancelhe,145,72,73,54,22,25,44,200
Tabuaço,249,119,130,96,43,51,59,293
Tarouca,237,116,121,74,31,59,73,306
Torre de Moncorvo,137,72,65,51,24,24,38,152
Vila Nova de Foz Côa,125,64,61,40,24,30,31,120
Vila Real,1515,759,756,495,266,331,423,1981
Terras de Trás-os-Montes,2699,1398,1301,1069,499,568,563,3306
Alfândega da Fé,173,90,83,79,26,37,31,171
Bragança,615,295,320,249,126,123,117,751
Macedo de Cavaleiros,471,246,225,198,103,94,76,556
Miranda do Douro,125,63,62,56,27,22,20,132
Mirandela,583,311,272,225,101,126,131,717
Mogadouro,279,133,146,99,39,73,68,390
Vila Flor,111,62,49,32,23,19,37,124
Vimioso,78,53,25,27,9,18,24,102
Vinhais,264,145,119,104,45,56,59,364
Centro,42508,20187,22321,16670,7121,8619,10098,50202
Oeste,4941,2203,2738,2062,823,981,1075,5278
Alcobaça,725,351,374,312,142,126,145,797
Alenquer,629,264,365,284,109,126,110,749
Arruda dos Vinhos,154,66,88,68,23,34,29,171
Bombarral,167,72,95,65,21,25,56,175
Cadaval,181,84,97,75,23,38,45,196
Caldas da Rainha,671,270,401,262,111,143,155,657
Lourinhã,495,189,306,199,73,102,121,507
Nazaré,173,76,97,61,37,35,40,152
Óbidos,91,53,38,27,14,17,33,95
Peniche,461,224,237,233,88,65,75,385
Sobral de Monte Agraço,105,52,53,43,11,30,21,112
Torres Vedras,1089,502,587,433,171,240,245,1281
Região de Aveiro,6713,3210,3503,2860,1148,1226,1479,8135
Águeda,663,299,364,289,124,112,138,795
Albergaria-a-Velha,453,210,243,189,71,82,111,538
Anadia,264,123,141,70,39,35,120,339
Aveiro,1506,703,803,631,272,309,294,1781
Estarreja,793,413,380,395,147,116,135,1081
Ílhavo,827,388,439,359,139,151,178,997
Murtosa,98,50,48,33,15,31,19,90
Oliveira do Bairro,430,188,242,199,68,77,86,524
Ovar,1236,605,631,532,192,239,273,1465
Sever do Vouga,104,60,44,31,14,19,40,133
Vagos,339,171,168,132,67,55,85,391
Região de Coimbra,8482,4130,4352,2779,1445,1912,2346,10439
Arganil,162,86,76,47,20,36,59,173
Cantanhede,487,219,268,147,70,104,166,597
Coimbra,3420,1706,1714,1143,616,823,838,4356
Condeixa-a-Nova,150,73,77,59,26,26,39,157
Figueira da Foz,1791,804,987,654,330,365,442,2166
Góis,90,46,44,26,13,24,27,88
Lousã,380,184,196,117,64,86,113,420
Mealhada,202,94,108,59,41,34,68,241
Mira,147,78,69,43,19,36,49,176
Miranda do Corvo,175,84,91,50,30,32,63,231
Montemor-o-Velho,238,121,117,96,35,50,57,298
Mortágua,98,49,49,33,12,22,31,118
Oliveira do Hospital,300,163,137,68,53,74,105,384
Pampilhosa da Serra,92,48,44,26,16,24,26,106
Penacova,161,78,83,41,22,32,66,176
Penela,58,28,30,24,8,7,19,66
Soure,179,94,85,49,26,49,55,268
Tábua,237,123,114,62,28,62,85,297
Vila Nova de Poiares,115,52,63,35,16,26,38,122
Região de Leiria,4861,2147,2714,1951,842,983,1085,5738
Alvaiázere,114,54,60,35,11,31,37,163
Ansião,226,113,113,63,35,55,73,251
Batalha,190,71,119,81,23,40,46,238
Castanheira de Pêra,64,34,30,18,14,11,21,76
Figueiró dos Vinhos,129,63,66,45,25,27,32,156
Leiria,1951,833,1118,799,358,403,391,2294
Marinha Grande,919,402,517,403,167,169,180,1045
Pedrógão Grande,121,54,67,31,17,28,45,161
Pombal,845,379,466,350,138,168,189,988
Porto de Mós,302,144,158,126,54,51,71,365
Viseu Dão Lafões,5444,2612,2832,2004,860,1125,1455,6533
Aguiar da Beira,96,51,45,32,12,14,38,100
Carregal do Sal,177,90,87,52,22,50,53,213
Castro Daire,375,187,188,111,46,100,118,441
Mangualde,494,239,255,185,80,93,136,588
Nelas,242,121,121,88,35,55,64,323
Oliveira de Frades,54,17,37,16,7,12,19,60
Penalva do Castelo,144,70,74,53,13,31,47,169
Santa Comba Dão,202,105,97,69,33,43,57,244
São Pedro do Sul,249,121,128,69,36,38,106,289
Sátão,298,139,159,121,63,46,68,367
Tondela,317,162,155,87,42,69,119,391
Vila Nova de Paiva,108,57,51,39,17,20,32,110
Viseu,2619,1218,1401,1065,449,541,564,3176
Vouzela,69,35,34,17,5,13,34,62
Beira Baixa,2095,1045,1050,921,359,363,452,2435
Castelo Branco,1268,622,646,568,227,207,266,1445
Idanha-a-Nova,450,233,217,208,80,85,77,564
Oleiros,55,31,24,11,6,6,32,75
Penamacor,138,78,60,52,21,26,39,158
Proença-a-Nova,110,48,62,48,13,22,27,129
Vila Velha de Ródão,74,33,41,34,12,17,11,64
Médio Tejo,4372,2034,2338,1866,707,866,933,4948
Abrantes,990,509,481,428,157,221,184,1108
Alcanena,173,72,101,64,34,30,45,175
Constância,95,41,54,41,12,21,21,131
Entroncamento,532,220,312,269,106,92,65,547
Ferreira do Zêzere,111,42,69,43,13,25,30,129
Mação,97,51,46,31,10,24,32,123
Ourém,484,196,288,205,73,79,127,550
Sardoal,94,56,38,47,17,18,12,86
Sertã,271,142,129,92,27,57,95,322
Tomar,820,383,437,347,132,158,183,962
Torres Novas,496,220,276,207,89,105,95,578
Vila de Rei,42,17,25,15,8,9,10,39
Vila Nova da Barquinha,167,85,82,77,29,27,34,197
Beiras e Serra da Estrela,5600,2806,2794,2227,937,1163,1273,6695
Almeida,128,76,52,39,25,22,42,173
Belmonte,201,106,95,84,30,50,37,242
Celorico da Beira,171,73,98,56,35,23,57,197
Covilhã,1133,583,550,450,185,251,247,1340
Figueira de Castelo Rodrigo,289,153,136,155,55,44,35,270
Fornos de Algodres,99,50,49,35,15,26,23,108
Fundão,850,422,428,338,123,180,209,1066
Gouveia,348,171,177,141,63,79,65,406
Guarda,1086,527,559,451,206,213,216,1295
Manteigas,67,30,37,18,12,16,21,84
Mêda,94,38,56,34,12,23,25,87
Pinhel,147,73,74,61,21,26,39,162
Sabugal,267,138,129,109,45,47,66,315
Seia,609,308,301,218,96,140,155,814
Trancoso,111,58,53,38,14,23,36,137
A. M. Lisboa,75498,33946,41552,34094,12522,14562,14320,90677
Alcochete,313,145,168,131,41,75,66,386
Almada,6501,2934,3567,2889,1059,1274,1279,7893
Amadora,4813,2032,2781,2382,780,865,786,5368
Barreiro,2983,1334,1649,1417,516,549,501,3619
Cascais,4401,1825,2576,1806,754,830,1011,5153
Lisboa,20610,10093,10517,8940,3490,4190,3990,26041
Loures,5325,2362,2963,2554,874,966,931,6441
Mafra,880,382,498,353,124,186,217,999
Moita,2980,1285,1695,1487,479,524,490,3606
Montijo,1853,827,1026,873,333,329,318,2246
Odivelas,3259,1429,1830,1527,531,614,587,3731
Oeiras,1990,854,1136,823,306,396,465,2207
Palmela,918,420,498,380,144,171,223,1003
Seixal,4365,1894,2471,1949,734,849,833,5242
Sesimbra,1260,533,727,561,212,257,230,1507
Setúbal,3726,1690,2036,1707,656,710,653,4373
Sintra,6817,2835,3982,3120,1063,1317,1317,7837
Vila Franca de Xira,2504,1072,1432,1195,426,460,423,3026
Alentejo,19195,9323,9872,9598,3488,3314,2795,22185
Alentejo Litoral,1480,670,810,594,261,278,347,1697
Alcácer do Sal,139,65,74,62,21,28,28,143
Grândola,251,119,132,104,46,45,56,304
Odemira,430,205,225,151,68,99,112,503
Santiago do Cacém,285,123,162,97,43,52,93,343
Sines,375,158,217,180,83,54,58,405
Baixo Alentejo,5481,2770,2711,3101,958,790,632,6543
Aljustrel,372,200,172,219,61,53,39,487
Almodôvar,116,54,62,52,17,20,27,121
Alvito,65,37,28,31,13,9,12,78
Barrancos,68,29,39,33,10,18,7,64
Beja,1551,776,775,878,288,226,159,1848
Castro Verde,128,60,68,68,25,15,20,130
Cuba,216,116,100,112,47,31,26,251
Ferreira do Alentejo,188,100,88,96,32,28,32,211
Mértola,157,86,71,65,25,29,38,197
Moura,1496,746,750,926,255,177,138,1766
Ourique,71,36,35,29,10,21,11,73
Serpa,743,377,366,423,116,122,82,926
Vidigueira,310,153,157,169,59,41,41,392
Lezíria do Tejo,4794,2264,2530,2243,845,902,804,5325
Almeirim,417,192,225,215,69,72,61,420
Alpiarça,79,33,46,36,15,17,11,65
Azambuja,509,224,285,240,91,90,88,642
Benavente,734,339,395,389,145,109,91,795
Cartaxo,230,97,133,83,26,49,72,255
Chamusca,157,75,82,60,38,31,28,159
Coruche,512,260,252,285,105,72,50,582
Golegã,90,45,45,34,11,21,24,103
Rio Maior,342,139,203,144,66,73,59,355
Salvaterra de Magos,383,184,199,171,60,81,71,422
Santarém,1341,676,665,586,219,287,249,1527
Alto Alentejo,3757,1829,1928,1815,707,700,535,4381
Alter do Chão,142,72,70,67,31,24,20,157
Arronches,29,15,14,15,3,7,4,19
Avis,221,99,122,104,40,47,30,302
Campo Maior,384,213,171,218,82,42,42,431
Castelo de Vide,42,18,24,16,9,4,13,38
Crato,140,80,60,62,27,30,21,157
Elvas,1250,586,664,618,218,235,179,1456
Fronteira,29,12,17,13,5,5,6,40
Gavião,73,41,32,29,16,15,13,92
Marvão,66,37,29,20,14,23,9,74
Monforte,329,171,158,199,69,45,16,381
Nisa,157,81,76,66,27,34,30,203
Ponte de Sor,337,143,194,147,57,76,57,393
Portalegre,407,186,221,160,80,89,78,477
Sousel,151,75,76,81,29,24,17,160
Alentejo Central,3683,1790,1893,1845,717,644,477,4239
Alandroal,58,27,31,23,12,13,10,54
Arraiolos,41,24,17,11,4,13,13,54
Borba,270,132,138,130,52,49,39,354
Estremoz,470,233,237,250,97,72,51,533
Évora,1124,535,589,524,215,207,178,1292
Montemor-o-Novo,150,74,76,64,34,35,17,162
Mora,52,24,28,26,9,8,9,48
Mourão,296,147,149,186,53,45,12,376
Portel,144,76,68,86,25,22,11,180
Redondo,178,81,97,83,33,37,25,187
Reguengos de Monsaraz,463,223,240,238,101,73,51,551
Vendas Novas,190,99,91,108,43,25,14,208
Viana do Alentejo,138,61,77,71,20,19,28,141
Vila Viçosa,109,54,55,45,19,26,19,99
Algarve,12328,5646,6682,5335,2410,2268,2315,14055
Albufeira,1399,621,778,586,317,238,258,1562
Alcoutim,18,10,8,4,3,5,6,28
Aljezur,127,59,68,41,17,34,35,142
Castro Marim,177,83,94,96,34,28,19,213
Faro,1958,968,990,943,391,333,291,2411
Lagoa,708,305,403,334,141,117,116,772
Lagos,710,282,428,272,135,138,165,707
Loulé,1776,789,987,735,361,310,370,2091
Monchique,69,43,26,10,11,14,34,97
Olhão,1127,526,601,498,204,233,192,1208
Portimão,2350,1095,1255,1013,454,445,438,2879
São Brás de Alportel,210,103,107,73,40,42,55,261
Silves,680,281,399,302,131,112,135,689
Tavira,402,200,202,152,67,92,91,449
Vila do Bispo,70,34,36,25,10,16,19,83
Vila Real de Santo António,547,247,300,251,94,111,91,465
R. A. Açores,14343,7129,7214,6682,3012,2920,1729,13863
Santa Maria,158,70,88,73,36,24,25,118
Vila do Porto,158,70,88,73,36,24,25,118
São Miguel,11467,5752,5715,5437,2460,2298,1272,11074
Lagoa (R.A.A.),1097,538,559,537,210,227,123,961
Nordeste,357,171,186,165,74,76,42,313
Ponta Delgada,4950,2545,2405,2163,1084,1040,663,5410
Povoação,431,207,224,181,87,94,69,358
Ribeira Grande,4074,2021,2053,2140,883,742,309,3509
Vila Franca do Campo,558,270,288,251,122,119,66,522
Terceira,1974,923,1051,878,374,431,291,1878
Angra do Heroísmo,1166,550,616,527,215,256,168,1088
Vila da Praia da Vitória,808,373,435,351,159,175,123,790
Graciosa,206,103,103,107,39,36,24,199
Santa Cruz da Graciosa,206,103,103,107,39,36,24,199
São Jorge,86,42,44,24,...,...,31,102
Calheta (R.A.A.),40,18,22,13,...,...,13,48
Velas,46,24,22,11,8,9,18,54
Pico,179,98,81,63,38,49,29,183
Lajes do Pico,46,24,22,14,13,11,8,49
Madalena,95,58,37,37,22,24,12,96
São Roque do Pico,38,16,22,12,3,14,9,38
Faial,214,109,105,80,38,51,45,237
Horta,214,109,105,80,38,51,45,237
Flores,48,28,20,13,...,...,...,61
Lajes das Flores,16,7,9,5,...,...,...,21
Santa Cruz das Flores,32,21,11,8,6,12,6,40
Corvo,11,4,7,7,...,...,...,12
Corvo,11,4,7,7,...,...,...,12
R. A. Madeira,6523,3071,3452,2288,950,1489,1796,7454
Calheta (R.A.M.),354,161,193,113,48,80,113,419
Câmara de Lobos,758,354,404,299,110,180,169,859
Funchal,3276,1559,1717,1167,514,753,842,3878
Machico,476,219,257,175,64,117,120,516
Ponta do Sol,202,85,117,64,23,45,70,235
Porto Moniz,45,32,13,8,4,12,21,63
Ribeira Brava,268,122,146,85,25,60,98,290
Santa Cruz,757,340,417,280,113,156,208,700
Santana,240,125,115,69,37,52,82,296
São Vicente,94,49,45,16,8,19,51,128
Porto Santo,53,25,28,12,4,15,22,69
