,"Total, N.º","Sexo, H, N.º","Sexo, M, N.º","Idade, Menos de 25 anos, N.º","Idade, 25-39 anos, N.º","Idade, 40-54 anos, N.º","Idade, 55 e mais anos, N.º","Valores processados, 55 e mais anos, milhares de euros"
Portugal,257939,124484,133455,106033,41365,57018,53523,313399
Continente,232117,111563,120554,94501,36241,51532,49843,285758
Norte,96354,45856,50498,35463,14296,22913,23682,120108
Alto Minho,2689,1373,1316,835,354,612,888,3525
Arcos de Valdevez,218,115,103,32,22,50,114,279
Caminha,161,95,66,34,12,35,80,220
Melgaço,71,43,28,13,5,20,33,92
Monção,133,68,65,22,4,39,68,187
Paredes de Coura,73,40,33,7,4,16,46,104
Ponte da Barca,109,51,58,19,12,22,56,129
Ponte de Lima,320,149,171,69,20,85,146,425
Valença,283,134,149,116,37,59,71,359
Viana do Castelo,1247,634,613,512,233,257,245,1622
Vila Nova de Cerveira,74,44,30,11,5,29,29,109
Cávado,3334,1658,1676,1240,512,752,830,4018
Amares,188,93,95,71,22,45,50,222
Barcelos,472,247,225,156,55,106,155,643
Braga,2196,1081,1115,839,369,506,482,2587
Esposende,116,52,64,32,13,25,46,163
Terras de Bouro,55,35,20,12,6,17,20,59
Vila Verde,307,150,157,130,47,53,77,346
Ave,4593,2335,2258,1617,569,1158,1249,5618
Cabeceiras de Basto,389,194,195,139,28,122,100,431
Fafe,560,269,291,196,83,133,148,694
Guimarães,1233,659,574,420,158,313,342,1531
Mondim de Basto,203,98,105,60,18,53,72,210
Póvoa de Lanhoso,252,130,122,58,27,65,102,326
Vieira do Minho,275,149,126,77,18,84,96,357
Vila Nova de Famalicão,1576,776,800,646,228,363,339,1937
Vizela,105,60,45,21,9,25,50,133
A. M. Porto,61251,28741,32510,23119,9315,14513,14304,77637
Arouca,238,106,132,56,14,52,116,281
Espinho,1157,538,619,404,181,273,299,1387
Gondomar,6628,3087,3541,2636,1058,1578,1356,7829
Maia,3766,1706,2060,1495,553,831,887,4698
Matosinhos,6136,2822,3314,2341,957,1341,1497,7776
Oliveira de Azeméis,583,274,309,185,77,144,177,754
Paredes,2610,1245,1365,922,335,638,715,3163
Porto,15449,7412,8037,5840,2569,3670,3370,20572
Póvoa de Varzim,1185,597,588,370,171,291,353,1547
Santa Maria da Feira,2333,1121,1212,793,304,600,636,2991
Santo Tirso,1334,668,666,468,162,345,359,1818
São João da Madeira,365,150,215,141,56,80,88,398
Trofa,639,266,373,244,78,158,159,718
Vale de Cambra,168,72,96,32,12,44,80,243
Valongo,3652,1621,2031,1437,501,880,834,4499
Vila do Conde,1103,572,531,449,157,248,249,1318
Vila Nova de Gaia,13905,6484,7421,5306,2130,3340,3129,17646
Alto Tâmega,2701,1446,1255,808,355,635,903,3299
Boticas,93,53,40,16,8,26,43,118
Chaves,1169,606,563,390,171,269,339,1538
Montalegre,211,126,85,52,20,47,92,224
Ribeira de Pena,245,129,116,61,24,54,106,253
Valpaços,578,310,268,176,91,129,182,667
Vila Pouca de Aguiar,405,222,183,113,41,110,141,500
Tâmega e Sousa,12241,5455,6786,4436,1616,2983,3206,14310
Amarante,1866,799,1067,692,254,447,473,2130
Baião,791,328,463,287,95,211,198,870
Castelo de Paiva,330,157,173,113,40,89,88,349
Celorico de Basto,523,254,269,155,40,127,201,638
Cinfães,746,335,411,224,90,189,243,1020
Felgueiras,969,436,533,349,129,239,252,1133
Lousada,914,436,478,345,121,223,225,1084
Marco de Canaveses,2019,810,1209,745,271,518,485,2537
Paços de Ferreira,1491,728,763,565,205,333,388,1684
Penafiel,2037,889,1148,770,275,462,530,2291
Resende,555,283,272,191,96,145,123,574
Douro,6970,3510,3460,2408,1125,1665,1772,8683
Alijó,379,219,160,104,56,94,125,474
Armamar,159,79,80,47,24,34,54,194
Carrazeda de Ansiães,142,82,60,63,26,33,20,149
Freixo de Espada à Cinta,154,81,73,70,35,40,9,182
Lamego,825,402,423,271,120,202,232,1066
Mesão Frio,190,84,106,57,24,48,61,225
Moimenta da Beira,494,246,248,213,86,90,105,662
Murça,393,200,193,121,62,98,112,405
Penedono,81,44,37,35,13,16,17,92
Peso da Régua,988,487,501,367,165,239,217,1169
Sabrosa,195,106,89,51,29,58,57,238
Santa Marta de Penaguião,354,179,175,106,60,102,86,461
São João da Pesqueira,148,74,74,60,23,30,35,157
Sernancelhe,158,80,78,58,24,36,40,208
Tabuaço,278,137,141,116,49,51,62,304
Tarouca,222,112,110,62,25,58,77,286
Torre de Moncorvo,130,69,61,47,16,27,40,149
Vila Nova de Foz Côa,106,54,52,33,17,24,32,114
Vila Real,1574,775,799,527,271,385,391,2147
Terras de Trás-os-Montes,2575,1338,1237,1000,450,595,530,3018
Alfândega da Fé,141,71,70,55,23,37,26,153
Bragança,573,283,290,237,113,130,93,671
Macedo de Cavaleiros,440,218,222,213,85,81,61,500
Miranda do Douro,132,75,57,52,25,32,23,159
Mirandela,542,290,252,190,97,125,130,643
Mogadouro,222,114,108,81,29,60,52,289
Vila Flor,193,103,90,55,25,57,56,179
Vimioso,86,54,32,23,11,22,30,110
Vinhais,246,130,116,94,42,51,59,314
Centro,38696,19401,19295,14777,6096,8745,9078,47203
Oeste,4143,1980,2163,1678,614,960,891,4724
Alcobaça,543,280,263,232,90,105,116,640
Alenquer,547,241,306,226,78,128,115,643
Arruda dos Vinhos,154,63,91,79,31,21,23,150
Bombarral,95,43,52,24,14,19,38,130
Cadaval,153,87,66,62,23,35,33,185
Caldas da Rainha,473,221,252,179,68,130,96,520
Lourinhã,457,206,251,182,66,107,102,532
Nazaré,167,80,87,66,33,39,29,157
Óbidos,72,41,31,17,5,21,29,103
Peniche,321,165,156,141,56,63,61,325
Sobral de Monte Agraço,105,50,55,37,21,31,16,125
Torres Vedras,1056,503,553,433,129,261,233,1214
Região de Aveiro,6565,3286,3279,2752,1048,1331,1434,8243
Águeda,600,323,277,266,98,114,122,774
Albergaria-a-Velha,440,228,212,184,67,93,96,574
Anadia,257,133,124,75,33,50,99,352
Aveiro,1391,657,734,544,248,289,310,1771
Estarreja,845,423,422,418,159,139,129,1068
Ílhavo,796,406,390,358,115,158,165,944
Murtosa,98,53,45,29,10,36,23,111
Oliveira do Bairro,432,199,233,198,64,76,94,513
Ovar,1283,646,637,532,191,295,265,1614
Sever do Vouga,112,67,45,28,15,23,46,156
Vagos,311,151,160,120,48,58,85,366
Região de Coimbra,7709,3968,3741,2460,1204,2008,2037,9897
Arganil,143,87,56,28,16,33,66,188
Cantanhede,469,219,250,135,65,110,159,583
Coimbra,2994,1572,1422,939,519,835,701,4052
Condeixa-a-Nova,155,81,74,67,15,38,35,168
Figueira da Foz,1457,712,745,529,240,346,342,1839
Góis,76,47,29,17,12,17,30,75
Lousã,445,225,220,167,56,115,107,540
Mealhada,142,76,66,33,18,42,49,187
Mira,185,95,90,64,32,38,51,212
Miranda do Corvo,179,96,83,55,28,46,50,232
Montemor-o-Velho,287,153,134,114,44,72,57,336
Mortágua,77,35,42,18,10,22,27,88
Oliveira do Hospital,277,147,130,62,45,82,88,350
Pampilhosa da Serra,61,38,23,9,7,23,22,71
Penacova,129,70,59,26,13,24,66,180
Penela,52,28,24,19,5,9,19,74
Soure,207,106,101,59,32,52,64,289
Tábua,228,117,111,68,25,62,73,292
Vila Nova de Poiares,146,64,82,51,22,42,31,143
Região de Leiria,3766,1782,1984,1438,611,859,858,4571
Alvaiázere,127,52,75,47,11,36,33,154
Ansião,207,108,99,59,31,61,56,244
Batalha,97,44,53,43,11,22,21,121
Castanheira de Pêra,63,35,28,18,12,15,18,76
Figueiró dos Vinhos,131,69,62,41,25,32,33,166
Leiria,1364,630,734,531,225,310,298,1621
Marinha Grande,680,326,354,270,126,149,135,860
Pedrógão Grande,100,47,53,27,14,30,29,131
Pombal,728,357,371,296,121,146,165,882
Porto de Mós,269,114,155,106,35,58,70,317
Viseu Dão Lafões,5253,2615,2638,1911,782,1156,1404,6482
Aguiar da Beira,79,43,36,24,10,12,33,105
Carregal do Sal,144,74,70,37,12,35,60,169
Castro Daire,333,181,152,93,33,84,123,374
Mangualde,486,237,249,184,71,108,123,587
Nelas,262,133,129,97,36,66,63,328
Oliveira de Frades,44,19,25,15,5,9,15,47
Penalva do Castelo,153,80,73,48,19,35,51,170
Santa Comba Dão,181,92,89,57,22,34,68,224
São Pedro do Sul,152,76,76,43,14,25,70,176
Sátão,285,134,151,124,47,52,62,347
Tondela,266,139,127,69,31,58,108,341
Vila Nova de Paiva,104,59,45,35,16,20,33,129
Viseu,2701,1312,1389,1064,455,607,575,3431
Vouzela,63,36,27,21,11,11,20,54
Beira Baixa,1855,974,881,775,313,378,389,2112
Castelo Branco,1189,603,586,518,205,233,233,1310
Idanha-a-Nova,375,208,167,162,72,77,64,449
Oleiros,49,27,22,9,8,7,25,54
Penamacor,103,69,34,34,10,28,31,144
Proença-a-Nova,76,37,39,23,6,21,26,88
Vila Velha de Ródão,63,30,33,29,12,12,10,67
Médio Tejo,3828,1899,1929,1556,609,834,829,4331
Abrantes,994,512,482,410,162,232,190,1075
Alcanena,95,42,53,32,18,26,19,107
Constância,91,39,52,37,14,22,18,117
Entroncamento,500,218,282,249,100,92,59,512
Ferreira do Zêzere,95,44,51,36,13,23,23,118
Mação,101,61,40,20,16,28,37,132
Ourém,302,148,154,104,39,69,90,313
Sardoal,82,46,36,35,9,21,17,87
Sertã,234,133,101,67,29,51,87,278
Tomar,747,358,389,316,111,152,168,895
Torres Novas,395,200,195,156,65,89,85,482
Vila de Rei,28,15,13,10,3,6,9,30
Vila Nova da Barquinha,164,83,81,84,30,23,27,187
Beiras e Serra da Estrela,5577,2897,2680,2207,915,1219,1236,6842
Almeida,136,77,59,39,26,24,47,188
Belmonte,197,106,91,73,33,50,41,250
Celorico da Beira,184,87,97,64,38,31,51,226
Covilhã,1198,637,561,453,210,270,265,1490
Figueira de Castelo Rodrigo,277,145,132,143,51,45,38,334
Fornos de Algodres,82,44,38,25,9,23,25,93
Fundão,774,398,376,288,107,185,194,1046
Gouveia,364,185,179,156,61,80,67,404
Guarda,1057,537,520,462,191,205,199,1241
Manteigas,50,25,25,14,6,13,17,60
Mêda,62,26,36,17,11,10,24,67
Pinhel,134,73,61,55,11,33,35,162
Sabugal,304,170,134,137,49,63,55,374
Seia,633,322,311,242,93,158,140,760
Trancoso,125,65,60,39,19,29,38,146
A. M. Lisboa,69767,32598,37169,31308,11071,14474,12914,85882
Alcochete,321,159,162,147,44,71,59,392
Almada,6181,2859,3322,2797,969,1296,1119,7724
Amadora,4622,2040,2582,2230,763,885,744,5211
Barreiro,2805,1326,1479,1292,488,543,482,3666
Cascais,3372,1575,1797,1349,451,731,841,4200
Lisboa,19276,9728,9548,8283,3185,4176,3632,25052
Loures,4837,2230,2607,2295,756,924,862,5813
Mafra,793,374,419,332,94,213,154,920
Moita,2968,1282,1686,1421,472,577,498,3782
Montijo,1826,838,988,865,327,349,285,2282
Odivelas,3006,1370,1636,1326,461,616,603,3611
Oeiras,1770,790,980,737,259,379,395,2017
Palmela,788,356,432,292,101,198,197,895
Seixal,4363,1960,2403,1986,723,900,754,5305
Sesimbra,1185,491,694,552,174,245,214,1418
Setúbal,3341,1587,1754,1551,525,724,541,3995
Sintra,6041,2617,3424,2757,895,1228,1161,6892
Vila Franca de Xira,2272,1016,1256,1096,384,419,373,2708
Alentejo,18471,9233,9238,9098,3166,3570,2637,22156
Alentejo Litoral,1430,690,740,556,225,301,348,1709
Alcácer do Sal,166,83,83,73,22,32,39,184
Grândola,272,135,137,94,48,59,71,310
Odemira,295,153,142,98,41,73,83,371
Santiago do Cacém,335,153,182,113,52,67,103,425
Sines,362,166,196,178,62,70,52,420
Baixo Alentejo,5289,2703,2586,2957,883,847,602,6568
Aljustrel,322,169,153,176,53,55,38,424
Almodôvar,112,54,58,47,13,26,26,125
Alvito,74,43,31,35,17,12,10,80
Barrancos,67,30,37,32,10,20,5,72
Beja,1461,746,715,844,253,235,129,1765
Castro Verde,122,63,59,59,23,22,18,153
Cuba,187,98,89,99,31,42,15,219
Ferreira do Alentejo,202,102,100,99,40,33,30,248
Mértola,153,81,72,63,22,34,34,206
Moura,1438,732,706,889,233,179,137,1836
Ourique,96,45,51,27,14,26,29,105
Serpa,697,355,342,388,116,113,80,877
Vidigueira,358,185,173,199,58,50,51,459
Lezíria do Tejo,4408,2206,2202,2029,694,966,719,4963
Almeirim,349,167,182,155,53,83,58,303
Alpiarça,88,51,37,34,15,25,14,58
Azambuja,422,195,227,191,65,78,88,536
Benavente,674,317,357,350,118,118,88,728
Cartaxo,229,107,122,93,36,53,47,222
Chamusca,125,62,63,51,28,20,26,124
Coruche,509,256,253,286,94,82,47,609
Golegã,76,39,37,28,6,26,16,90
Rio Maior,289,134,155,127,35,73,54,279
Salvaterra de Magos,351,191,160,144,47,89,71,381
Santarém,1296,687,609,570,197,319,210,1633
Alto Alentejo,3684,1828,1856,1753,690,714,527,4524
Alter do Chão,134,62,72,59,29,28,18,164
Arronches,29,13,16,10,4,7,8,35
Avis,214,104,110,107,44,38,25,300
Campo Maior,366,199,167,198,73,53,42,438
Castelo de Vide,38,23,15,10,7,9,12,40
Crato,111,56,55,45,15,30,21,129
Elvas,1290,628,662,641,251,226,172,1575
Fronteira,31,14,17,10,5,7,9,38
Gavião,79,42,37,35,10,22,12,104
Marvão,50,27,23,23,7,14,6,61
Monforte,344,171,173,199,81,41,23,429
Nisa,160,83,77,65,22,42,31,214
Ponte de Sor,340,160,180,146,54,84,56,416
Portalegre,356,176,180,132,59,92,73,407
Sousel,142,70,72,73,29,21,19,173
Alentejo Central,3660,1806,1854,1803,674,742,441,4391
Alandroal,45,14,31,18,7,13,7,49
Arraiolos,66,38,28,23,6,25,12,70
Borba,270,130,140,133,48,55,34,352
Estremoz,454,233,221,219,87,95,53,598
Évora,1094,536,558,499,198,240,157,1292
Montemor-o-Novo,199,109,90,92,38,44,25,238
Mora,47,20,27,18,9,11,9,47
Mourão,313,157,156,191,61,46,15,367
Portel,133,69,64,75,28,22,8,169
Redondo,140,56,84,68,24,26,22,166
Reguengos de Monsaraz,457,220,237,233,95,81,48,585
Vendas Novas,169,94,75,95,32,28,14,170
Viana do Alentejo,126,58,68,69,18,25,14,140
Vila Viçosa,147,72,75,70,23,31,23,149
Algarve,8829,4475,4354,3855,1612,1830,1532,10410
Albufeira,815,420,395,351,190,157,117,830
Alcoutim,26,16,10,5,5,9,7,34
Aljezur,69,37,32,15,9,16,29,98
Castro Marim,169,92,77,94,28,30,17,193
Faro,1516,752,764,763,288,266,199,1855
Lagoa,508,270,238,227,98,88,95,634
Lagos,459,230,229,176,59,118,106,495
Loulé,1187,603,584,473,250,246,218,1548
Monchique,75,47,28,16,6,18,35,127
Olhão,915,450,465,408,158,184,165,1041
Portimão,1627,810,817,723,264,368,272,2071
São Brás de Alportel,182,94,88,64,30,49,39,216
Silves,451,227,224,208,81,90,72,442
Tavira,312,148,164,118,48,76,70,319
Vila do Bispo,37,17,20,15,5,11,6,48
Vila Real de Santo António,481,262,219,199,93,104,85,459
R. A. Açores,18544,9393,9151,8862,4051,3718,1913,19072
Santa Maria,188,94,94,82,47,37,22,179
Vila do Porto,188,94,94,82,47,37,22,179
São Miguel,14360,7375,6985,6956,3145,2901,1358,14699
Lagoa (R.A.A.),1418,729,689,691,294,298,135,1320
Nordeste,432,209,223,208,102,87,35,354
Ponta Delgada,5987,3113,2874,2750,1290,1279,668,6936
Povoação,619,308,311,265,129,147,78,589
Ribeira Grande,5181,2653,2528,2700,1183,933,365,4851
Vila Franca do Campo,723,363,360,342,147,157,77,649
Terceira,2807,1311,1496,1302,600,536,369,2954
Angra do Heroísmo,1569,735,834,747,319,302,201,1539
Vila da Praia da Vitória,1238,576,662,555,281,234,168,1415
Graciosa,274,142,132,140,68,45,21,232
Santa Cruz da Graciosa,274,142,132,140,68,45,21,232
São Jorge,207,103,104,70,36,54,47,213
Calheta (R.A.A.),87,43,44,31,16,19,21,104
Velas,120,60,60,39,20,35,26,109
Pico,286,143,143,128,71,57,30,295
Lajes do Pico,68,33,35,28,18,14,8,58
Madalena,157,81,76,77,39,29,12,166
São Roque do Pico,61,29,32,23,14,14,10,71
Faial,342,182,160,148,70,69,55,419
Horta,342,182,160,148,70,69,55,419
Flores,75,…,…,…,…,…,11,74
Lajes das Flores,22,...,...,...,...,...,4,23
Santa Cruz das Flores,53,28,25,24,10,12,7,51
Corvo,5,…,…,…,…,…,0,6
Corvo,5,…,…,…,…,…,0,6
R. A. Madeira,7060,3413,3647,2568,1025,1723,1744,8436
Calheta (R.A.M.),392,186,206,127,57,80,128,498
Câmara de Lobos,848,419,429,342,116,219,171,971
Funchal,3516,1693,1823,1288,548,878,802,4365
Machico,494,240,254,190,65,129,110,547
Ponta do Sol,228,99,129,72,27,40,89,280
Porto Moniz,42,26,16,7,7,9,19,59
Ribeira Brava,274,137,137,84,35,70,85,295
Santa Cruz,847,407,440,320,123,200,204,908
Santana,268,137,131,93,30,64,81,326
São Vicente,113,53,60,32,14,21,46,135
Porto Santo,38,16,22,13,3,13,9,53
