,"Valores processados, HM, milhares de euros","Valores processados, H, milhares de euros","Valores processados, M, milhares de euros","Dias processados, HM, N.º","Dias processados, H, N.º","Dias processados, M, N.º"
Portugal,1366508,632420,734089,77927892,33563436,44364456
Continente,1301346,599090,702256,73856344,31542429,42313915
Norte,486054,221940,264114,28348618,11945796,16402822
Alto Minho,21907,10275,11632,1284083,557061,727022
Arcos de Valdevez,1414,602,812,87469,35437,52032
Caminha,1649,760,890,96965,41062,55903
Melgaço,329,127,202,19976,7177,12799
Monção,1280,481,799,79489,27774,51715
Paredes de Coura,1103,530,573,65487,30917,34570
Ponte da Barca,711,328,383,43865,19388,24477
Ponte de Lima,3604,1674,1930,217842,94018,123824
Valença,1660,690,970,101727,41286,60441
Viana do Castelo,9148,4627,4522,511469,234301,277168
Vila Nova de Cerveira,1008,457,551,59794,25701,34093
Cávado,45896,19967,25929,2652333,1067876,1584457
Amares,1878,727,1151,111778,38750,73028
Barcelos,11418,5300,6118,667298,280608,386690
Braga,24559,10484,14075,1392374,557667,834707
Esposende,3159,1354,1805,182800,72606,110194
Terras de Bouro,825,374,451,55543,22254,33289
Vila Verde,4057,1729,2328,242540,95991,146549
Ave,67146,27629,39517,3990425,1520180,2470245
Cabeceiras de Basto,1400,700,700,85891,39737,46154
Fafe,8243,3228,5016,515310,189939,325371
Guimarães,28135,11463,16672,1674929,641783,1033146
Mondim de Basto,392,196,196,26098,13516,12582
Póvoa de Lanhoso,2702,1243,1459,157617,63719,93898
Vieira do Minho,1464,709,756,87364,36170,51194
Vila Nova de Famalicão,20066,8225,11841,1154374,429458,724916
Vizela,4743,1865,2878,288842,105858,182984
A. M. Porto,264606,125215,139391,15140954,6639137,8501817
Arouca,1746,705,1041,106333,38773,67560
Espinho,4108,2100,2008,238351,112878,125473
Gondomar,25964,12959,13005,1532543,719477,813066
Maia,20076,9442,10635,1096146,473922,622224
Matosinhos,28535,14717,13819,1552689,745155,807534
Oliveira de Azeméis,8710,3756,4955,517118,203782,313336
Paredes,11261,4697,6564,707446,267142,440304
Porto,34365,16917,17448,1895832,895575,1000257
Póvoa de Varzim,8572,4088,4484,487914,209606,278308
Santa Maria da Feira,19760,8696,11063,1154977,468954,686023
Santo Tirso,11032,4545,6486,653786,246855,406931
São João da Madeira,4066,1792,2275,244029,102469,141560
Trofa,6412,2397,4015,385515,130985,254530
Vale de Cambra,1620,609,1011,93260,30229,63031
Valongo,14455,6748,7707,835057,358965,476092
Vila do Conde,12428,5808,6620,710166,297404,412762
Vila Nova de Gaia,51497,25240,26257,2929792,1336966,1592826
Alto Tâmega,6148,2935,3213,377447,167804,209643
Boticas,332,173,159,19146,9312,9834
Chaves,3128,1370,1758,195675,80758,114917
Montalegre,516,334,182,30387,17740,12647
Ribeira de Pena,460,203,257,28166,11318,16848
Valpaços,753,321,432,48600,20089,28511
Vila Pouca de Aguiar,960,535,425,55473,28587,26886
Tâmega e Sousa,55447,23542,31905,3401031,1294335,2106696
Amarante,6581,2820,3761,396253,151565,244688
Baião,1988,1074,914,117896,56019,61877
Castelo de Paiva,1632,843,790,96800,43711,53089
Celorico de Basto,1595,758,837,96322,41388,54934
Cinfães,2385,1433,952,136979,74286,62693
Felgueiras,10334,4401,5933,644456,258384,386072
Lousada,6922,2421,4501,433877,137618,296259
Marco de Canaveses,7387,3153,4235,443344,161283,282061
Paços de Ferreira,6967,2785,4182,437606,161985,275621
Penafiel,8930,3459,5471,551651,184530,367121
Resende,725,395,330,45847,23566,22281
Douro,17422,8802,8620,1042469,493851,548618
Alijó,925,570,355,54845,30689,24156
Armamar,470,210,260,28698,12108,16590
Carrazeda de Ansiães,356,145,211,23138,8174,14964
Freixo de Espada à Cinta,182,90,93,11494,5393,6101
Lamego,3485,1919,1565,202817,105711,97106
Mesão Frio,324,146,178,18772,7944,10828
Moimenta da Beira,806,402,403,50210,23450,26760
Murça,390,185,205,23578,10178,13400
Penedono,143,49,95,9020,2846,6174
Peso da Régua,1550,757,793,95553,43849,51704
Sabrosa,413,177,236,27097,10695,16402
Santa Marta de Penaguião,683,343,339,41515,19999,21516
São João da Pesqueira,432,219,213,26202,12124,14078
Sernancelhe,302,119,183,19052,6712,12340
Tabuaço,392,183,209,25584,11243,14341
Tarouca,720,386,335,39072,19865,19207
Torre de Moncorvo,548,230,318,34520,13506,21014
Vila Nova de Foz Côa,434,228,206,26324,12538,13786
Vila Real,4867,2444,2422,284978,136827,148151
Terras de Trás-os-Montes,7482,3575,3907,459876,205552,254324
Alfândega da Fé,377,237,139,21493,12896,8597
Bragança,2357,1092,1265,146101,64756,81345
Macedo de Cavaleiros,1016,492,524,61121,27914,33207
Miranda do Douro,239,89,149,14682,4870,9812
Mirandela,1918,849,1069,117050,46604,70446
Mogadouro,503,256,247,31730,15304,16426
Vila Flor,536,296,239,32655,16564,16091
Vimioso,148,56,92,9390,3662,5728
Vinhais,388,206,183,25654,12982,12672
Centro,225405,102359,123047,12905204,5325746,7579458
Oeste,41306,17874,23432,2354532,906729,1447803
Alcobaça,4929,1943,2986,285163,101520,183643
Alenquer,6706,2973,3732,380443,154461,225982
Arruda dos Vinhos,1487,704,783,78269,33059,45210
Bombarral,1419,566,853,84356,29224,55132
Cadaval,1406,470,936,84540,24957,59583
Caldas da Rainha,6402,2662,3739,370268,137490,232778
Lourinhã,2648,1311,1337,147556,61824,85732
Nazaré,1931,746,1186,114206,40049,74157
Óbidos,1221,504,717,70448,24635,45813
Peniche,4220,2103,2117,244133,105859,138274
Sobral de Monte Agraço,841,403,438,48078,19570,28508
Torres Vedras,8096,3488,4608,447072,174081,272991
Região de Aveiro,41243,19228,22015,2295225,960392,1334833
Águeda,4559,1932,2628,263607,102966,160641
Albergaria-a-Velha,2581,1105,1477,145794,54279,91515
Anadia,2736,1155,1581,153979,61177,92802
Aveiro,9961,5083,4878,539347,248914,290433
Estarreja,2825,1379,1446,149183,62442,86741
Ílhavo,5055,2470,2585,278846,123282,155564
Murtosa,1013,571,442,54609,27193,27416
Oliveira do Bairro,2151,920,1231,121265,47409,73856
Ovar,7641,3437,4204,432750,172093,260657
Sever do Vouga,750,323,427,42855,16629,26226
Vagos,1971,854,1117,112990,44008,68982
Região de Coimbra,43499,21441,22058,2438050,1103747,1334303
Arganil,808,378,431,49662,20938,28724
Cantanhede,2975,1374,1601,173319,72682,100637
Coimbra,14337,7242,7095,781279,368518,412761
Condeixa-a-Nova,1668,675,992,89884,31714,58170
Figueira da Foz,8102,4447,3655,430106,215108,214998
Góis,315,154,161,18473,7819,10654
Lousã,1422,630,792,86827,35198,51629
Mealhada,2280,1105,1175,126566,55336,71230
Mira,1144,522,622,67636,29802,37834
Miranda do Corvo,892,369,523,53624,20354,33270
Montemor-o-Velho,2623,1220,1403,148765,61873,86892
Mortágua,533,240,293,31934,13126,18808
Oliveira do Hospital,1842,940,903,109461,52263,57198
Pampilhosa da Serra,191,105,87,11226,6143,5083
Penacova,971,454,518,57106,24289,32817
Penela,234,124,110,12977,6000,6977
Soure,1429,678,751,81709,35957,45752
Tábua,1076,497,579,67402,29690,37712
Vila Nova de Poiares,657,289,368,40094,16937,23157
Região de Leiria,27271,11216,16055,1547652,570749,976903
Alvaiázere,243,109,134,14975,6244,8731
Ansião,742,290,452,45018,16648,28370
Batalha,1444,523,921,80870,26478,54392
Castanheira de Pêra,204,85,119,12769,5024,7745
Figueiró dos Vinhos,388,211,177,23341,11916,11425
Leiria,12247,4876,7372,688170,241439,446731
Marinha Grande,6085,2697,3388,335028,133307,201721
Pedrógão Grande,244,94,149,16030,6007,10023
Pombal,3529,1493,2037,204129,78795,125334
Porto de Mós,2145,838,1306,127322,44891,82431
Viseu Dão Lafões,26229,11830,14399,1557144,646031,911113
Aguiar da Beira,428,237,191,24262,12692,11570
Carregal do Sal,871,392,479,51594,21111,30483
Castro Daire,1423,692,731,83481,35465,48016
Mangualde,2233,905,1328,134995,49670,85325
Nelas,1701,846,854,99217,44991,54226
Oliveira de Frades,1376,624,752,83238,35150,48088
Penalva do Castelo,779,333,446,46030,17997,28033
Santa Comba Dão,896,429,467,51488,21597,29891
São Pedro do Sul,1954,797,1156,122687,44341,78346
Sátão,1037,431,606,64313,25575,38738
Tondela,2338,967,1371,137371,52324,85047
Vila Nova de Paiva,446,242,204,26248,13853,12395
Viseu,9513,4458,5055,556935,244633,312302
Vouzela,1236,478,758,75285,26632,48653
Beira Baixa,7268,3358,3910,438597,186730,251867
Castelo Branco,5334,2445,2889,320401,134553,185848
Idanha-a-Nova,653,305,348,40870,18533,22337
Oleiros,154,95,60,9359,5225,4134
Penamacor,360,157,203,22454,9246,13208
Proença-a-Nova,503,253,250,29537,13260,16277
Vila Velha de Ródão,263,103,160,15976,5913,10063
Médio Tejo,21022,9746,11277,1224940,526261,698679
Abrantes,4958,2723,2235,290901,149433,141468
Alcanena,1353,642,711,79245,34971,44274
Constância,417,159,258,22728,8247,14481
Entroncamento,1883,793,1090,108772,40432,68340
Ferreira do Zêzere,390,160,230,23601,9321,14280
Mação,411,269,142,24766,15554,9212
Ourém,3592,1392,2200,207334,73243,134091
Sardoal,357,158,199,20761,8754,12007
Sertã,802,323,480,47231,17160,30071
Tomar,2999,1490,1508,174669,79233,95436
Torres Novas,3140,1286,1854,180236,69574,110662
Vila de Rei,230,115,115,15048,7282,7766
Vila Nova da Barquinha,491,235,256,29648,13057,16591
Beiras e Serra da Estrela,17567,7666,9901,1049064,425107,623957
Almeida,321,125,196,18552,7073,11479
Belmonte,705,313,392,42391,17118,25273
Celorico da Beira,546,275,271,33848,16298,17550
Covilhã,4765,2042,2723,290739,117785,172954
Figueira de Castelo Rodrigo,266,113,153,17475,7111,10364
Fornos de Algodres,223,59,164,13764,3287,10477
Fundão,2413,986,1427,146254,53666,92588
Gouveia,955,438,517,54898,23058,31840
Guarda,3772,1680,2091,218821,89047,129774
Manteigas,247,111,136,14210,6007,8203
Mêda,176,102,74,11040,5723,5317
Pinhel,448,179,269,27465,10347,17118
Sabugal,668,295,374,38863,15794,23069
Seia,1699,825,874,98575,46187,52388
Trancoso,364,123,241,22169,6606,15563
A. M. Lisboa,404597,190976,213621,21453488,9542434,11911054
Alcochete,2388,1146,1242,122607,55044,67563
Almada,24764,11531,13233,1348479,589755,758724
Amadora,23630,10570,13061,1312641,556301,756340
Barreiro,12351,6243,6108,678239,317151,361088
Cascais,29452,13311,16141,1449841,623595,826246
Lisboa,73934,36956,36978,3749575,1843536,1906039
Loures,28722,13198,15524,1568428,680028,888400
Mafra,9186,4296,4890,471523,200061,271462
Moita,11012,5695,5317,621549,290925,330624
Montijo,8015,3731,4284,442168,193413,248755
Odivelas,19189,9011,10178,1063941,476033,587908
Oeiras,23269,10726,12544,1084004,478787,605217
Palmela,9957,4664,5293,528267,224278,303989
Seixal,23862,11157,12706,1311894,571511,740383
Sesimbra,7332,3519,3813,389404,162979,226425
Setúbal,20320,10734,9586,1099639,532393,567246
Sintra,55497,24175,31321,3069645,1250992,1818653
Vila Franca de Xira,21717,10314,11403,1141644,495652,645992
Alentejo,84612,40277,44335,4995136,2171958,2823178
Alentejo Litoral,14536,8298,6238,821948,425154,396794
Alcácer do Sal,987,381,606,59742,20015,39727
Grândola,1325,667,657,75390,34319,41071
Odemira,4780,2498,2282,291178,145678,145500
Santiago do Cacém,4167,2525,1643,223548,119594,103954
Sines,3277,2226,1052,172090,105548,66542
Baixo Alentejo,13242,6775,6467,785376,366790,418586
Aljustrel,1026,491,535,58208,23977,34231
Almodôvar,966,564,402,51865,25730,26135
Alvito,154,69,84,10238,4249,5989
Barrancos,182,104,78,12147,7155,4992
Beja,2863,1518,1344,170663,85374,85289
Castro Verde,1098,704,394,52915,29615,23300
Cuba,419,161,258,26253,8913,17340
Ferreira do Alentejo,910,398,513,58391,23632,34759
Mértola,581,306,276,34573,17200,17373
Moura,1768,853,915,109379,49767,59612
Ourique,864,440,424,50953,22915,28038
Serpa,1759,849,910,110173,50990,59183
Vidigueira,651,316,335,39618,17273,22345
Lezíria do Tejo,28301,12756,15545,1668886,681826,987060
Almeirim,2749,990,1759,169608,55807,113801
Alpiarça,808,357,451,49441,19841,29600
Azambuja,2840,1382,1458,161971,71779,90192
Benavente,4361,2163,2197,247610,111394,136216
Cartaxo,3051,1437,1615,173821,73849,99972
Chamusca,846,368,478,55390,22176,33214
Coruche,2100,797,1303,129775,43414,86361
Golegã,444,200,244,26287,10890,15397
Rio Maior,1759,684,1075,108203,39482,68721
Salvaterra de Magos,3623,1647,1976,214068,85670,128398
Santarém,5721,2731,2990,332712,147524,185188
Alto Alentejo,12581,5782,6799,773752,336471,437281
Alter do Chão,311,170,141,18578,9790,8788
Arronches,234,114,119,14514,7267,7247
Avis,497,127,371,31122,7204,23918
Campo Maior,1411,741,669,82025,40977,41048
Castelo de Vide,307,176,131,17042,10079,6963
Crato,367,154,213,22880,8942,13938
Elvas,2776,1338,1438,170331,78381,91950
Fronteira,395,153,242,23684,8362,15322
Gavião,300,150,150,17035,8042,8993
Marvão,280,145,134,17841,8781,9060
Monforte,287,129,157,19793,8598,11195
Nisa,451,240,210,27744,13435,14309
Ponte de Sor,2005,866,1139,126369,50666,75703
Portalegre,2302,1032,1270,142698,61605,81093
Sousel,659,245,414,42096,14342,27754
Alentejo Central,15951,6666,9285,945174,361717,583457
Alandroal,570,219,351,34806,11297,23509
Arraiolos,618,308,309,35804,16075,19729
Borba,643,215,427,42292,12680,29612
Estremoz,970,394,575,59686,22758,36928
Évora,6020,2611,3410,340782,136678,204104
Montemor-o-Novo,1212,521,691,71165,28408,42757
Mora,347,111,236,21364,6354,15010
Mourão,315,147,168,19421,8766,10655
Portel,835,309,526,52063,18196,33867
Redondo,766,266,500,50122,16532,33590
Reguengos de Monsaraz,1282,545,737,77963,29349,48614
Vendas Novas,1085,525,560,63365,28405,34960
Viana do Alentejo,536,239,297,31620,12659,18961
Vila Viçosa,751,256,496,44721,13560,31161
Algarve,100678,43539,57139,6153898,2556495,3597403
Albufeira,21111,9721,11390,1305389,590347,715042
Alcoutim,143,86,58,8426,4743,3683
Aljezur,670,287,384,42449,17965,24484
Castro Marim,787,348,439,47902,19865,28037
Faro,10631,4927,5703,606085,271053,335032
Lagoa,5455,2202,3253,338469,131987,206482
Lagos,6983,2871,4111,434240,170603,263637
Loulé,15355,6469,8886,923946,372667,551279
Monchique,521,198,323,33423,12168,21255
Olhão,5981,2503,3479,359870,138838,221032
Portimão,15500,6641,8859,965744,393401,572343
São Brás de Alportel,1193,524,669,66731,27419,39312
Silves,8255,3473,4782,505657,204286,301371
Tavira,3480,1456,2025,218545,86493,132052
Vila do Bispo,1110,476,634,71274,29812,41462
Vila Real de Santo António,3503,1358,2145,225748,84848,140900
R. A. Açores,29007,15369,13637,1835965,955032,880933
Santa Maria,704,298,406,45377,18573,26804
Vila do Porto,704,298,406,45377,18573,26804
São Miguel,17095,9394,7701,1085968,589753,496215
Lagoa (R.A.A.),1857,1097,760,119645,69966,49679
Nordeste,1051,601,450,74788,43141,31647
Ponta Delgada,7555,4060,3494,453520,240475,213045
Povoação,1247,609,639,89075,43314,45761
Ribeira Grande,4034,2320,1713,260831,148046,112785
Vila Franca do Campo,1351,707,643,88109,44811,43298
Terceira,5287,2887,2400,318322,168979,149343
Angra do Heroísmo,3597,1985,1612,217742,117249,100493
Vila da Praia da Vitória,1690,902,788,100580,51730,48850
Graciosa,700,333,367,47216,21745,25471
Santa Cruz da Graciosa,700,333,367,47216,21745,25471
São Jorge,836,426,409,56066,28619,27447
Calheta (R.A.A.),273,148,125,18619,10210,8409
Velas,563,278,284,37447,18409,19038
Pico,2170,947,1223,139363,57752,81611
Lajes do Pico,735,367,369,48163,23006,25157
Madalena,955,363,592,58963,20107,38856
São Roque do Pico,480,217,262,32237,14639,17598
Faial,1691,865,826,107861,54940,52921
Horta,1691,865,826,107861,54940,52921
Flores,476,196,280,32721,13232,19489
Lajes das Flores,244,102,142,17208,7085,10123
Santa Cruz das Flores,232,94,138,15513,6147,9366
Corvo,48,23,25,3071,1439,1632
Corvo,48,23,25,3071,1439,1632
R. A. Madeira,34829,17138,17691,2175811,1033537,1142274
Calheta (R.A.M.),902,457,444,61099,30303,30796
Câmara de Lobos,4551,2243,2308,295422,139141,156281
Funchal,15349,7378,7970,942107,439943,502164
Machico,3203,1880,1323,195883,107508,88375
Ponta do Sol,665,279,386,46226,18830,27396
Porto Moniz,344,166,179,22133,10687,11446
Ribeira Brava,1507,713,794,98775,45486,53289
Santa Cruz,6018,2857,3161,359518,164120,195398
Santana,538,278,259,39261,20560,18701
São Vicente,372,224,148,25556,15028,10528
Porto Santo,1381,662,719,89831,41931,47900
