,Total de despesas em atividades e equipamentos desportivos (Euros),"Despesas correntes , Total (Euros)","Despesas correntes , das quais, Atividades desportivas  (Euros)","Despesas correntes , das quais, Associações desportivas (Euros)","Despesas correntes , das quais, Construção e manutenção de infraestruturas desportivas (Euros)","Despesas de capital, Total, Construção e manutenção de infraestruturas desportivas (Euros)","Despesas de capital, das quais, Atividades desportivas  (Euros)","Despesas de capital, das quais, Associações desportivas (Euros)","Despesas de capital, das quais, Construção e manutenção de infraestruturas desportivas (Euros)"
Portugal,301008387,226647768,85214334,63864185,45608851,74360619,6426983,9158411,30369293
Continente,292524592,220139389,83735245,60941465,45209725,72385203,6367983,8775261,30043805
Norte,102276340,76784527,34763161,24103734,6543069,25491813,1235255,3162719,10281039
Alto Minho,9117985,5909432,1843735,2833654,977077,3208553,15802,725264,261882
Arcos de Valdevez,1984846,971616,133996,270489,443260,1013230,0,176589,136748
Caminha,404315,290873,211378,79495,0,113442,0,0,57891
Melgaço,91970,91970,27970,64000,0,0,0,0,0
Monção,852915,806746,312242,422232,28563,46169,0,0,46169
Paredes de Coura,347120,296013,34549,80100,169116,51107,0,51107,0
Ponte da Barca,88700,88700,0,82500,6200,0,0,0,0
Ponte de Lima,2055142,583907,0,178831,329938,1471235,0,0,21074
Valença,915133,899331,530543,368788,0,15802,15802,0,0
Viana do Castelo,2072158,1574590,429715,1144875,0,497568,0,497568,0
Vila Nova de Cerveira,305686,305686,163342,142344,0,0,0,0,0
Cávado,11841547,11069792,9735243,1092049,0,771755,51043,433721,32859
Amares,182692,182692,182692,0,0,0,0,0,0
Barcelos,1974210,1359397,795695,459388,0,614813,0,328904,32859
Braga,8360924,8309881,8309881,0,0,51043,51043,0,0
Esposende,781868,749569,446975,301226,0,32299,0,31217,0
Terras de Bouro,35750,35750,0,35750,0,0,0,0,0
Vila Verde,506103,432503,0,295685,0,73600,0,73600,0
Ave,10043492,8665523,4515440,2459616,1433405,1377969,789032,314506,172091
Cabeceiras de Basto,95600,95600,23800,71800,0,0,0,0,0
Fafe,1311770,1254270,484403,523740,219672,57500,0,57500,0
Guimarães,3172790,2179738,1630290,549448,0,993052,789032,0,110825
Mondim de Basto,74500,69100,0,69100,0,5400,0,5400,0
Póvoa de Lanhoso,908184,870763,118502,179396,388004,37421,0,0,30703
Vieira do Minho,176065,167509,0,167509,0,8556,0,0,6129
Vila Nova de Famalicão,3787270,3762836,2237091,700016,825729,24434,0,0,24434
Vizela,517313,265707,21354,198607,0,251606,0,251606,0
A. M. Porto,46268437,34413497,13464127,10258096,2084091,11854940,53042,1190699,6035792
Arouca,2265171,977160,87951,110550,622935,1288011,0,3000,345616
Espinho,221885,221885,132185,89700,0,0,0,0,0
Gondomar,4469417,3387814,1498877,765277,133504,1081603,0,0,40270
Maia,5817068,4752553,1654459,1628333,637454,1064515,0,25000,987939
Matosinhos,13145424,9725159,5549326,3856197,0,3420265,0,710351,1866909
Oliveira de Azeméis,1019145,434204,13606,397098,22489,584941,0,0,211122
Paredes,2120553,490217,221482,268735,0,1630336,0,0,1630336
Porto,6092318,5838149,1173370,0,0,254169,0,0,254169
Póvoa de Varzim,2665567,1667833,613307,967526,0,997734,0,0,0
Santa Maria da Feira,388868,337985,337985,0,0,50883,50883,0,0
Santo Tirso,410049,410049,264049,115500,15500,0,0,0,0
São João da Madeira,1108106,1082462,713892,342926,25644,25644,0,0,25644
Trofa,128375,54058,984,48198,4876,74317,0,0,74317
Vale de Cambra,778439,688258,176613,75922,390520,90181,1159,0,42467
Valongo,1383758,1033327,984791,0,48509,350431,1000,0,322279
Vila do Conde,1087425,1087425,41250,906350,139825,0,0,0,0
Vila Nova de Gaia,3166869,2224959,0,685784,42835,941910,0,452348,234724
Alto Tâmega,5128423,3640050,1549068,1037650,213489,1488373,76506,80963,256826
Boticas,362700,250700,137000,19200,61000,112000,74000,0,0
Chaves,1390299,773009,426759,346250,0,617290,2506,21463,76960
Montalegre,575963,551363,256038,295325,0,24600,0,0,0
Ribeira de Pena,977851,284000,464,87700,143943,693851,0,59500,179866
Valpaços,628798,620583,501374,119209,0,8215,0,0,0
Vila Pouca de Aguiar,1192812,1160395,227433,169966,8546,32417,0,0,0
Tâmega e Sousa,10514762,6901598,1728851,4070013,566793,3613164,242980,89084,2355680
Amarante,2150335,810250,247520,402412,104212,1340085,0,57084,1058025
Baião,247960,241695,9370,93200,80020,6265,4190,0,2075
Castelo de Paiva,207691,207691,127971,78470,0,0,0,0,0
Celorico de Basto,1079317,937100,275343,257697,122786,142217,0,0,0
Cinfães,105278,105278,105278,0,0,0,0,0,0
Felgueiras,750155,0,0,0,0,750155,0,0,750155
Lousada,596040,252488,29060,199790,23638,343552,0,0,343552
Marco de Canaveses,614873,491616,53304,347055,16983,123257,0,32000,16983
Paços de Ferreira,2000926,2000926,85647,1909739,0,0,0,0,0
Penafiel,2092847,1378250,760000,618250,0,714597,238790,0,0
Resende,669340,476304,35358,163400,219154,193036,0,0,184890
Douro,5212117,3570253,1008565,1193155,1084822,1641864,6850,323482,901131
Alijó,265493,265493,261993,3500,0,0,0,0,0
Armamar,255478,255478,160790,32729,61959,0,0,0,0
Carrazeda de Ansiães,148884,148884,0,6560,80731,0,0,0,0
Freixo de Espada à Cinta,171318,171318,171318,0,0,0,0,0,0
Lamego,218620,218620,0,185594,17323,0,0,0,0
Mesão Frio,19500,19500,0,19500,0,0,0,0,0
Moimenta da Beira,393635,364510,216180,142800,4185,29125,0,0,29125
Murça,48650,48650,0,43067,3867,0,0,0,0
Penedono,141243,141243,29218,112025,0,0,0,0,0
Peso da Régua,233000,233000,0,233000,0,0,0,0,0
Sabrosa,121007,26849,14849,12000,0,94158,0,0,88992
Santa Marta de Penaguião,284627,247478,0,89337,99755,37149,0,0,37149
São João da Pesqueira,51661,26820,26820,0,0,24841,0,0,24841
Sernancelhe,454496,160241,36871,0,119419,294255,0,0,96122
Tabuaço,136073,46550,0,46550,0,89523,0,0,0
Tarouca,363696,310868,60215,65950,123764,52828,6850,0,12141
Torre de Moncorvo,221150,57905,0,55405,0,163245,0,80000,0
Vila Nova de Foz Côa,111102,111102,0,49500,43587,0,0,0,0
Vila Real,1572484,715744,30311,95638,530232,856740,0,243482,612761
Terras de Trás-os-Montes,4149577,2614382,918132,1159501,183392,1535195,0,5000,264778
Alfândega da Fé,348499,348499,172623,151110,0,0,0,0,0
Bragança,510464,468464,285987,138518,14533,42000,0,0,0
Macedo de Cavaleiros,189108,189108,0,189108,0,0,0,0,0
Miranda do Douro,629716,63404,0,63404,0,566312,0,0,0
Mirandela,650092,622228,243499,343700,16482,27864,0,5000,7267
Mogadouro,644845,418860,98221,45000,131986,225985,0,0,225365
Vila Flor,768622,133203,929,56720,20391,635419,0,0,644
Vimioso,99608,99608,10088,87274,0,0,0,0,0
Vinhais,308623,271008,106785,84667,0,37615,0,0,31502
Centro,79584167,62518234,15713812,17845312,20784188,17065933,179854,2469113,7390917
Oeste,7746754,6209974,1539438,2473726,1954071,1536780,38503,144496,1035542
Alcobaça,739538,582000,24010,396291,154911,157538,0,0,157538
Alenquer,289954,289954,4925,195169,89860,0,0,0,0
Arruda dos Vinhos,334335,205586,29327,53788,120919,128749,0,0,101667
Bombarral,244421,244421,0,0,230199,0,0,0,0
Cadaval,41876,41876,0,41876,0,0,0,0,0
Caldas da Rainha,1652940,1570731,28611,956429,486822,82209,0,0,50079
Lourinhã,581711,341662,65895,201194,28595,240049,0,91000,56094
Nazaré,1152151,1124855,557356,90685,401484,27296,0,20246,7050
Óbidos,431022,431022,397872,33150,0,0,0,0,0
Peniche,924006,486673,160600,0,326073,437333,38503,0,397958
Sobral de Monte Agraço,383980,326407,211199,0,115208,57573,0,33250,24323
Torres Vedras,970820,564787,59643,505144,0,406033,0,0,240833
Região de Aveiro,11686135,8021365,1399028,2734728,3109395,3664770,67154,1156910,762310
Águeda,1140295,1134416,159020,689793,264328,5879,0,0,5879
Albergaria-a-Velha,1459916,1113977,30647,170619,577294,345939,0,10447,0
Anadia,567326,567326,567326,0,0,0,0,0,0
Aveiro,2834161,939753,139592,393012,406601,1894408,0,601831,79215
Estarreja,1055146,885192,272277,270175,171165,169954,0,0,44909
Ílhavo,1087901,637288,0,0,624162,450613,0,389637,60976
Murtosa,408017,334048,169452,45250,0,73969,67154,6815,0
Oliveira do Bairro,1105593,649731,0,89727,512936,455862,0,69350,386512
Ovar,1124897,1049785,0,627748,422037,75112,0,6330,68782
Sever do Vouga,428870,345538,4245,165190,130872,83332,0,72500,6335
Vagos,474013,364311,56469,283214,0,109702,0,0,109702
Região de Coimbra,20088028,17126247,4666796,3068694,7907663,2961781,62171,200157,1032061
Arganil,382681,382681,173521,64800,144360,0,0,0,0
Cantanhede,824918,824918,13145,213570,586493,0,0,0,0
Coimbra,10377211,9106454,2473238,527804,6056834,1270757,0,0,302946
Condeixa-a-Nova,1259994,857284,108170,341115,361045,402710,0,0,380081
Figueira da Foz,1335955,876096,30582,282019,244843,459859,7171,55000,241720
Góis,148590,121590,4132,6030,91484,27000,0,27000,0
Lousã,474900,453958,98516,355442,0,20942,0,3500,4399
Mealhada,488766,488766,342369,146397,0,0,0,0,0
Mira,388313,287416,177382,110034,0,100897,0,22700,52850
Miranda do Corvo,414623,380038,41542,88600,0,34585,0,34585,0
Montemor-o-Velho,951879,668916,175704,79172,0,282963,0,6660,0
Mortágua,589223,492123,222802,8650,205422,97100,55000,42100,0
Oliveira do Hospital,540737,528326,2000,289080,110236,12411,0,2837,4985
Pampilhosa da Serra,214055,141092,90319,18400,0,72963,0,0,0
Penacova,713633,700122,306279,260006,15525,13511,0,0,8232
Penela,225856,207292,80279,31807,90811,18564,0,0,12737
Soure,290959,166620,24805,105834,0,124339,0,5775,931
Tábua,365856,342676,233596,108470,610,23180,0,0,23180
Vila Nova de Poiares,99879,99879,68415,31464,0,0,0,0,0
Região de Leiria,9693837,6016534,1632319,2001768,1880634,3677303,6949,208938,2535439
Alvaiázere,351588,351588,304878,46710,0,0,0,0,0
Ansião,570993,445992,28131,62389,337451,125001,0,0,125001
Batalha,550469,399835,282927,116908,0,150634,0,7359,0
Castanheira de Pêra,68000,18000,18000,0,0,50000,0,0,0
Figueiró dos Vinhos,360208,266946,0,0,266946,93262,0,0,93262
Leiria,3851460,1766468,75289,726224,778729,2084992,5021,0,2079467
Marinha Grande,1083719,917720,367137,459864,9264,165999,1928,26700,137371
Pedrógão Grande,183269,183269,0,71050,86290,0,0,0,0
Pombal,2202487,1224572,376146,411205,273010,977915,0,145379,100338
Porto de Mós,471644,442144,179811,107418,128944,29500,0,29500,0
Viseu Dão Lafões,9247162,7663001,2025100,2882608,1527078,1584161,0,185874,689214
Aguiar da Beira,70000,55000,0,35000,0,15000,0,0,15000
Carregal do Sal,299882,299882,219513,80369,0,0,0,0,0
Castro Daire,398666,319583,99788,219795,0,79083,0,0,79083
Mangualde,81312,81312,1012,34139,39772,0,0,0,0
Nelas,269229,269229,6000,234350,28879,0,0,0,0
Oliveira de Frades,879637,844801,152149,87350,69525,34836,0,0,34836
Penalva do Castelo,318189,310102,1525,129381,147013,8087,0,0,8087
Santa Comba Dão,211339,182219,142801,23392,0,29120,0,0,6611
São Pedro do Sul,961763,682347,16931,223850,432935,279416,0,5000,72048
Sátão,546831,546831,596,188813,260395,0,0,0,0
Tondela,760023,656200,370501,285699,0,103823,0,0,0
Vila Nova de Paiva,185049,185049,129687,55362,0,0,0,0,0
Viseu,3528787,2834388,627828,1204944,505043,694399,0,177789,454883
Vouzela,736455,396058,256769,80164,43516,340397,0,3085,18666
Beira Baixa,4764424,3404174,1206462,1264976,230372,1360250,0,144915,489986
Castelo Branco,1908596,1598270,586841,463115,222625,310326,0,118000,98662
Idanha-a-Nova,871587,455034,138487,265500,7747,416553,0,0,391324
Oleiros,345675,331404,172733,158671,0,14271,0,14271,0
Penamacor,404933,404933,83719,88500,0,0,0,0,0
Proença-a-Nova,1084243,465143,165692,198790,0,619100,0,12644,0
Vila Velha de Ródão,149390,149390,58990,90400,0,0,0,0,0
Médio Tejo,9792472,8422947,881024,1605356,3409611,1369525,542,218613,483577
Abrantes,1956562,1749636,196606,11979,15591,206926,0,0,206926
Alcanena,555781,511963,24737,97844,386307,43818,0,8116,24853
Constância,329792,292518,11808,20581,253377,37274,0,145,37129
Entroncamento,609049,554325,3487,65875,369353,54724,0,0,32683
Ferreira do Zêzere,290748,290748,110267,151883,19129,0,0,0,0
Mação,83090,83090,5026,78064,0,0,0,0,0
Ourém,1161953,946477,33326,420708,332077,215476,0,196365,19111
Sardoal,528244,164332,134073,14171,1751,363912,542,0,0
Sertã,1401866,1104755,105577,265197,592844,297111,0,0,162875
Tomar,1174322,1174322,97548,180346,644932,0,0,0,0
Torres Novas,1271111,1134771,19291,255198,633493,136340,0,43,0
Vila de Rei,148640,134696,28385,29060,4786,13944,0,13944,0
Vila Nova da Barquinha,281314,281314,110893,14450,155971,0,0,0,0
Beiras e Serra da Estrela,6565355,5653992,2363645,1813456,765364,911363,4535,209210,362788
Almeida,597163,435692,300652,89993,38366,161471,4535,0,154280
Belmonte,302214,297412,39646,257766,0,4802,0,0,4802
Celorico da Beira,97632,94853,4177,27000,56810,2779,0,0,0
Covilhã,881794,824993,0,303336,252935,56801,0,55556,1245
Figueira de Castelo Rodrigo,572,572,572,0,0,0,0,0,0
Fornos de Algodres,99528,99528,38729,33246,18837,0,0,0,0
Fundão,816092,705107,222651,261453,11300,110985,0,41000,60176
Gouveia,921971,814266,493235,191996,92036,107705,0,0,13600
Guarda,1315215,1110307,790444,189516,130347,204908,0,85466,119442
Manteigas,126749,125349,14194,101700,4244,1400,0,0,0
Mêda,60413,60413,0,60413,0,0,0,0,0
Pinhel,163741,163741,78864,40000,0,0,0,0,0
Sabugal,418947,382817,217358,98945,10734,36130,0,15503,9243
Seia,248912,248912,141220,107692,0,0,0,0,0
Trancoso,514412,290030,21903,50400,149755,224382,0,11685,0
A. M. Lisboa,55428262,38864518,20399729,8206072,4201665,16563744,4330391,2149394,7018161
Alcochete,1638712,579943,416634,98107,39130,1058769,0,0,1058769
Almada,3440639,2957406,1041887,80018,1554500,483233,17738,0,457809
Amadora,1187705,975771,271078,94512,13775,211934,9116,6339,196479
Barreiro,1167157,1097707,267520,91932,672345,69450,0,69450,0
Cascais,2857960,1293718,378235,639000,19684,1564242,0,561369,998340
Lisboa,8961184,7397841,1887574,2565639,3051,1563343,92679,610469,78436
Loures,3275937,3224966,2043510,635185,0,50971,0,0,0
Mafra,2415773,2334912,2334912,0,0,80861,0,0,77861
Moita,857629,729221,575686,58056,95479,128408,0,22568,105840
Montijo,303970,303970,1701,220033,0,0,0,0,0
Odivelas,4033118,3314036,2639137,595362,72496,719082,309858,30910,104857
Oeiras,2580755,2115015,300000,1306355,0,465740,0,387144,0
Palmela,502578,191841,134403,24310,0,310737,1875,90525,0
Seixal,8724661,4232154,3350560,659114,86530,4492507,2642690,0,1800782
Sesimbra,808973,602145,33944,122043,61911,206828,0,150812,34673
Setúbal,3919719,2729629,2729629,0,0,1190090,1190090,0,0
Sintra,2726342,2509144,1906065,566914,26124,217198,66345,130853,0
Vila Franca de Xira,6025450,2275099,87254,449492,1556640,3750351,0,88955,2104315
Alentejo,30128033,23524846,7888734,6434161,6594132,6603187,497377,491678,2617973
Alentejo Litoral,4270667,3870372,1788804,1010712,1070856,400295,60608,158194,174405
Alcácer do Sal,1011799,868617,45526,158100,664991,143182,0,48580,94602
Grândola,995158,934550,625694,145183,163673,60608,60608,0,0
Odemira,444292,444292,155039,289253,0,0,0,0,0
Santiago do Cacém,1117802,955429,493295,267464,194670,162373,0,109614,52759
Sines,701616,667484,469250,150712,47522,34132,0,0,27044
Baixo Alentejo,6100972,4316574,1105343,1391810,1005534,1784398,0,176087,838188
Aljustrel,849064,667944,3077,143044,482036,181120,0,0,175501
Almodôvar,315753,315753,156085,130007,29661,0,0,0,0
Alvito,202381,201161,24201,176960,0,1220,0,236,0
Barrancos,90200,82300,40800,41500,0,7900,0,0,0
Beja,1161209,636003,77635,265287,145134,525206,0,0,144879
Castro Verde,892795,399479,121881,162831,50787,493316,0,39785,396982
Cuba,209026,181837,136746,34625,2041,27189,0,4750,7901
Ferreira do Alentejo,70443,70443,0,15870,30883,0,0,0,0
Mértola,348927,293079,173313,95695,18021,55848,0,15923,34664
Moura,686099,360050,107633,102799,0,326049,0,115393,1716
Ourique,132661,132661,86049,39800,6812,0,0,0,0
Serpa,706781,558414,112614,139592,150360,148367,0,0,76545
Vidigueira,435633,417450,65309,43800,89799,18183,0,0,0
Lezíria do Tejo,8342503,7017613,1958986,1659104,2940973,1324890,103100,75480,693720
Almeirim,1284597,935638,0,315445,543849,348959,0,0,316721
Alpiarça,299003,278636,58818,23804,196014,20367,0,9586,10781
Azambuja,589417,416006,231718,27341,148418,173411,0,0,63187
Benavente,1159483,1159483,20200,437906,701377,0,0,0,0
Cartaxo,576970,527785,66609,0,335989,49185,0,0,41416
Chamusca,244669,166213,108215,57998,0,78456,0,36324,31022
Coruche,671776,250536,108715,141821,0,421240,103100,17300,171473
Golegã,99075,71511,23773,47738,0,27564,0,0,27564
Rio Maior,1694246,1549446,188609,147019,1012883,144800,0,0,1808
Salvaterra de Magos,500968,478024,351865,97169,0,22944,0,12270,0
Santarém,1222299,1184335,800464,362863,2443,37964,0,0,29748
Alto Alentejo,4793174,3547097,1664441,1096185,382570,1246077,35916,12000,780774
Alter do Chão,506004,112002,0,14812,69456,394002,0,0,335394
Arronches,225532,93169,5369,87800,0,132363,0,0,125739
Avis,176694,174694,108803,58035,1079,2000,0,2000,0
Campo Maior,262000,262000,260000,2000,0,0,0,0,0
Castelo de Vide,425545,371340,144633,18450,107023,54205,0,0,36905
Crato,525349,168795,87485,81310,0,356554,0,0,204631
Elvas,218264,194191,9480,153300,0,24073,0,10000,0
Fronteira,69369,39696,6070,32000,0,29673,0,0,29673
Gavião,79450,40450,0,40450,0,39000,0,0,0
Marvão,15238,15238,15238,0,0,0,0,0,0
Monforte,232158,232158,199493,32665,0,0,0,0,0
Nisa,378099,305412,48961,26510,37152,72687,35916,0,0
Ponte de Sor,886891,880687,481834,398853,0,6204,0,0,698
Portalegre,505464,392860,274579,110000,0,112604,0,0,25022
Sousel,287117,264405,22496,40000,167860,22712,0,0,22712
Alentejo Central,6620717,4773190,1371160,1276350,1194199,1847527,297753,69917,130886
Alandroal,183114,183114,152223,0,0,0,0,0,0
Arraiolos,663944,244518,149833,76285,2986,419426,0,14409,6959
Borba,104629,104048,42650,115,61010,581,0,0,0
Estremoz,286887,263379,158242,98507,6630,23508,0,23508,0
Évora,1096689,787203,223669,49859,44366,309486,196,0,0
Montemor-o-Novo,818224,802639,449495,305020,24111,15585,0,5000,0
Mora,213019,127746,79935,6971,10364,85273,0,0,0
Mourão,306326,294089,0,0,219600,12237,0,0,5020
Portel,1155854,450805,74641,97130,155065,705049,297557,0,3739
Redondo,239507,239507,0,208406,13245,0,0,0,0
Reguengos de Monsaraz,935513,820345,8296,215661,596388,115168,0,0,115168
Vendas Novas,161558,134410,28613,52180,2055,27148,0,0,0
Viana do Alentejo,266487,238409,2511,120765,58379,28078,0,27000,0
Vila Viçosa,188966,82978,1052,45451,0,105988,0,0,0
Algarve,25107790,18447264,4969809,4352186,7086671,6660526,125106,502357,2735715
Albufeira,3258318,2633874,702168,1061278,465624,624444,0,0,28986
Alcoutim,356112,277187,44526,39304,173565,78925,0,78925,0
Aljezur,292072,287155,19326,41833,206853,4917,0,0,4917
Castro Marim,104469,104469,0,0,0,0,0,0,0
Faro,2053638,1830002,22500,497431,1111555,223636,0,201754,5228
Lagoa,2191256,1721746,594982,287396,635916,469510,35667,32500,254417
Lagos,3060041,2929505,950080,615143,1166433,130536,0,0,42298
Loulé,5248010,3284267,56771,720047,1884782,1963743,0,0,9180
Monchique,228523,228523,191474,37049,0,0,0,0,0
Olhão,1216263,667544,414808,252736,0,548719,0,114873,91962
Portimão,799303,257782,257782,0,0,541521,73920,0,467601
São Brás de Alportel,694876,657837,544984,112853,0,37039,0,7044,14575
Silves,2003756,1409089,1100947,241722,35962,594667,11404,19237,511368
Tavira,2046079,748070,13132,425040,245349,1298009,0,0,1269740
Vila do Bispo,80794,76679,56325,20354,0,4115,4115,0,0
Vila Real de Santo António,1474280,1333535,4,0,1160632,140745,0,48024,35443
R. A. Açores,5976965,4129889,400760,2007747,390125,1847076,59000,376250,211438
Santa Maria,343267,263267,85446,53242,10519,80000,0,80000,0
Vila do Porto,343267,263267,85446,53242,10519,80000,0,80000,0
São Miguel,3136032,2152015,204958,647596,226826,984017,59000,5000,8685
Lagoa (R.A.A.),128190,128190,0,128190,0,0,0,0,0
Nordeste,124725,124725,0,61300,0,0,0,0,0
Ponta Delgada,1729874,1729874,75975,458106,226826,0,0,0,0
Povoação,88700,29700,29700,0,0,59000,59000,0,0
Ribeira Grande,965260,40243,0,0,0,925017,0,5000,8685
Vila Franca do Campo,99283,99283,99283,0,0,0,0,0,0
Terceira,1214225,800214,59346,668489,44755,414011,0,30200,163807
Angra do Heroísmo,979591,587115,20650,494086,44755,392476,0,30200,163807
Vila da Praia da Vitória,234634,213099,38696,174403,0,21535,0,0,0
Graciosa,273434,222085,0,163144,17665,51349,0,0,30665
Santa Cruz da Graciosa,273434,222085,0,163144,17665,51349,0,0,30665
São Jorge,78105,78105,38508,39597,0,0,0,0,0
Calheta (R.A.A.),20589,20589,0,20589,0,0,0,0,0
Velas,57516,57516,38508,19008,0,0,0,0,0
Pico,389055,208886,12266,195390,0,180169,0,174600,0
Lajes do Pico,123568,5368,3368,2000,0,118200,0,118200,0
Madalena,92669,87100,0,87100,0,5569,0,0,0
São Roque do Pico,172818,116418,8898,106290,0,56400,0,56400,0
Faial,483640,346110,236,188189,83253,137530,0,86450,8281
Horta,483640,346110,236,188189,83253,137530,0,86450,8281
Flores,58707,58707,0,52100,6607,0,0,0,0
Lajes das Flores,21038,21038,0,15100,5938,0,0,0,0
Santa Cruz das Flores,37669,37669,0,37000,669,0,0,0,0
Corvo,500,500,0,0,500,0,0,0,0
Corvo,500,500,0,0,500,0,0,0,0
R. A. Madeira,2506830,2378490,1078329,914973,9001,128340,0,6900,114050
Calheta (R.A.M.),201838,200832,0,200832,0,1006,0,0,0
Câmara de Lobos,217265,209474,44644,161836,542,7791,0,6900,891
Funchal,893671,893671,661674,0,0,0,0,0,0
Machico,316318,309934,3624,164078,494,6384,0,0,0
Ponta do Sol,278661,222027,113062,101000,7965,56634,0,0,56634
Porto Moniz,171520,171520,95280,76240,0,0,0,0,0
Ribeira Brava,165995,109470,109470,0,0,56525,0,0,56525
Santa Cruz,65670,65670,42285,23385,0,0,0,0,0
Santana,83692,83692,0,83692,0,0,0,0,0
São Vicente,92825,92825,7915,84910,0,0,0,0,0
Porto Santo,19375,19375,375,19000,0,0,0,0,0
