,"Marriages, Total (N.º)","Marriages, Opposite sex couples, Total (N.º)","Marriages, Opposite sex couples, of which, Only civil (N.º)","Marriages, Opposite sex couples, of which, Catholic (N.º)","Marriages, Same-sex couples, Male, Catholic (N.º)","Marriages, Same-sex couples, Female, Catholic (N.º)","Dissolved marriages, Same-sex couples, Total, Catholic (N.º)","Dissolved marriages, Same-sex couples, by divorce, Catholic (N.º)","Dissolved marriages, Same-sex couples, by death, Catholic (N.º)","Foreign population who has been granted a resident title, Same-sex couples, by death, MF (N.º)","Foreign population who has been granted a resident title, Same-sex couples, by death, M (N.º)","Foreign population who has been granted a resident title, Same-sex couples, by death, F (N.º)","Foreign population with resident status, Same-sex couples, by death, MF (N.º)","Foreign population with resident status, Same-sex couples, by death, M (N.º)","Foreign population with resident status, Same-sex couples, by death, F (N.º)"
Portugal,36952,36151,26374,9662,413,388,67694,18464,49230,143081,79149,63932,781247,409258,371989
Continente,34894,34141,24926,9104,390,363,64409,17330,47079,140088,77661,62427,764349,400835,363514
Norte,13012,12832,8437,4355,95,85,22649,6371,16278,26393,14079,12314,119385,60068,59317
Alto Minho,822,819,512,305,1,2,1653,403,1250,2037,1124,913,9187,4911,4276
Arcos de Valdevez,52,52,44,8,0,0,167,39,128,74,35,39,393,182,211
Caminha,64,64,47,17,0,0,112,34,78,141,72,69,747,401,346
Melgaço,5,5,3,2,0,0,75,13,62,45,20,25,182,78,104
Monção,59,59,38,21,0,0,152,25,127,187,93,94,1014,517,497
Paredes de Coura,17,17,9,8,0,0,59,15,44,39,17,22,208,100,108
Ponte da Barca,38,38,25,13,0,0,78,18,60,34,18,16,163,83,80
Ponte de Lima,162,162,91,71,0,0,285,72,213,150,88,62,669,368,301
Valença,31,31,23,8,0,0,95,28,67,247,143,104,1263,676,587
Viana do Castelo,346,343,195,146,1,2,564,150,414,955,534,421,3815,2046,1769
Vila Nova de Cerveira,48,48,37,11,0,0,66,9,57,165,104,61,733,460,273
Cávado,1654,1633,980,650,13,8,2265,728,1537,4296,2300,1996,19947,10058,9889
Amares,79,79,55,24,0,0,105,41,64,121,66,55,533,267,266
Barcelos,433,430,238,192,2,1,651,197,454,548,316,232,2149,1133,1016
Braga,782,768,460,307,8,6,976,333,643,3137,1653,1484,14915,7407,7508
Esposende,121,121,69,50,0,0,191,64,127,257,154,103,1301,749,552
Terras de Bouro,22,21,21,0,0,1,58,17,41,19,7,12,92,35,57
Vila Verde,217,214,137,77,3,0,284,76,208,214,104,110,957,467,490
Ave,1214,1204,799,402,4,6,2414,714,1700,1653,929,724,8088,4203,3885
Cabeceiras de Basto,57,57,35,22,0,0,91,16,75,17,10,7,169,92,77
Fafe,161,161,83,76,0,0,312,94,218,125,73,52,534,266,268
Guimarães,401,396,331,65,2,3,844,261,583,696,371,325,3307,1664,1643
Mondim de Basto,29,28,18,10,0,1,61,11,50,7,2,5,59,25,34
Póvoa de Lanhoso,46,46,44,2,0,0,140,38,102,91,50,41,441,241,200
Vieira do Minho,52,52,30,22,0,0,84,20,64,34,19,15,164,79,85
Vila Nova de Famalicão,429,426,222,203,1,2,757,235,522,612,362,250,3102,1678,1424
Vizela,39,38,36,2,1,0,125,39,86,71,42,29,312,158,154
A. M. Porto,6666,6531,4678,1824,70,65,10904,3230,7674,15243,7984,7259,69038,34351,34687
Arouca,60,60,26,34,0,0,130,25,105,28,15,13,150,80,70
Espinho,241,237,194,43,1,3,223,51,172,159,78,81,937,423,514
Gondomar,325,323,228,93,2,0,1039,284,755,659,300,359,3718,1738,1980
Maia,479,473,389,81,2,4,800,291,509,928,500,428,4541,2222,2319
Matosinhos,456,447,331,113,2,7,1087,323,764,1463,729,734,7373,3556,3817
Oliveira de Azeméis,171,171,94,73,0,0,387,101,286,281,159,122,1295,645,650
Paredes,255,254,137,117,1,0,480,168,312,270,173,97,1158,589,569
Porto,1375,1308,1025,275,40,27,1516,439,1077,6349,3367,2982,23312,12037,11275
Póvoa de Varzim,331,322,270,51,5,4,408,129,279,685,369,316,3069,1548,1521
Santa Maria da Feira,448,445,238,204,2,1,857,256,601,344,183,161,2228,1042,1186
Santo Tirso,245,239,153,86,2,4,463,116,347,129,66,63,758,342,416
São João da Madeira,154,154,118,35,0,0,151,48,103,249,131,118,1208,603,605
Trofa,123,122,57,65,0,1,227,73,154,228,127,101,1021,586,435
Vale de Cambra,93,93,59,34,0,0,174,41,133,114,56,58,551,290,261
Valongo,536,532,380,150,3,1,565,183,382,375,192,183,2095,1022,1073
Vila do Conde,438,428,317,111,2,8,509,195,314,504,287,217,3252,1773,1479
Vila Nova de Gaia,936,923,662,259,8,5,1888,507,1381,2478,1252,1226,12372,5855,6517
Alto Tâmega,268,268,177,90,0,0,724,147,577,246,114,132,1479,701,778
Boticas,10,10,6,4,0,0,42,4,38,5,1,4,51,23,28
Chaves,165,165,122,43,0,0,321,80,241,168,66,102,835,352,483
Montalegre,6,6,1,5,0,0,87,18,69,16,11,5,111,58,53
Ribeira de Pena,19,19,14,5,0,0,52,6,46,11,10,1,102,75,27
Valpaços,40,40,23,16,0,0,108,19,89,23,12,11,193,76,117
Vila Pouca de Aguiar,28,28,11,17,0,0,114,20,94,23,14,9,187,117,70
Tâmega e Sousa,1548,1540,801,738,4,4,2417,697,1720,1043,673,370,4315,2310,2005
Amarante,207,207,104,103,0,0,343,104,239,98,67,31,558,289,269
Baião,54,54,26,28,0,0,99,19,80,30,16,14,143,82,61
Castelo de Paiva,34,34,20,14,0,0,68,13,55,77,52,25,190,119,71
Celorico de Basto,44,44,23,21,0,0,120,27,93,28,16,12,126,61,65
Cinfães,49,48,24,24,0,1,104,21,83,67,50,17,192,130,62
Felgueiras,172,172,81,91,0,0,287,84,203,124,71,53,547,278,269
Lousada,171,170,63,106,1,0,255,77,178,194,158,36,638,413,225
Marco de Canaveses,236,235,136,99,0,1,334,122,212,165,105,60,619,319,300
Paços de Ferreira,231,230,135,95,0,1,339,109,230,120,67,53,532,256,276
Penafiel,313,310,171,139,2,1,402,109,293,122,63,59,709,333,376
Resende,37,36,18,18,1,0,66,12,54,18,8,10,61,30,31
Douro,567,564,322,242,3,0,1399,302,1097,610,319,291,2954,1444,1510
Alijó,24,24,16,8,0,0,67,10,57,9,2,7,89,34,55
Armamar,18,18,12,6,0,0,51,9,42,10,7,3,84,44,40
Carrazeda de Ansiães,19,19,16,3,0,0,44,4,40,31,20,11,154,86,68
Freixo de Espada à Cinta,7,7,5,2,0,0,39,3,36,15,6,9,118,58,60
Lamego,86,84,31,53,2,0,197,46,151,37,14,23,174,75,99
Mesão Frio,24,23,20,3,1,0,29,8,21,7,4,3,26,11,15
Moimenta da Beira,27,27,13,14,0,0,87,20,67,40,19,21,177,87,90
Murça,15,15,8,7,0,0,46,8,38,15,11,4,62,28,34
Penedono,14,14,10,4,0,0,28,5,23,6,4,2,24,12,12
Peso da Régua,57,57,39,18,0,0,106,31,75,17,5,12,110,47,63
Sabrosa,8,8,4,4,0,0,42,7,35,6,4,2,41,20,21
Santa Marta de Penaguião,15,15,7,8,0,0,39,4,35,13,9,4,69,44,25
São João da Pesqueira,16,16,11,5,0,0,53,11,42,42,16,26,116,51,65
Sernancelhe,22,22,9,13,0,0,43,5,38,6,6,0,69,46,23
Tabuaço,19,19,13,6,0,0,41,7,34,13,11,2,56,34,22
Tarouca,15,15,7,8,0,0,43,15,28,6,6,0,69,34,35
Torre de Moncorvo,19,19,15,4,0,0,62,8,54,8,4,4,95,40,55
Vila Nova de Foz Côa,13,13,8,5,0,0,59,9,50,6,5,1,151,78,73
Vila Real,149,149,78,71,0,0,323,92,231,323,166,157,1270,615,655
Terras de Trás-os-Montes,273,273,168,104,0,0,873,150,723,1265,636,629,4377,2090,2287
Alfândega da Fé,5,5,4,1,0,0,37,5,32,22,14,8,155,87,68
Bragança,104,104,65,38,0,0,235,51,184,926,446,480,2713,1274,1439
Macedo de Cavaleiros,51,51,34,17,0,0,125,25,100,60,32,28,304,152,152
Miranda do Douro,11,11,5,6,0,0,42,3,39,21,13,8,124,54,70
Mirandela,49,49,30,19,0,0,171,28,143,169,85,84,637,297,340
Mogadouro,23,23,10,13,0,0,65,16,49,28,23,5,122,72,50
Vila Flor,16,16,11,5,0,0,69,8,61,20,9,11,190,94,96
Vimioso,6,6,6,0,0,0,46,5,41,6,5,1,68,30,38
Vinhais,8,8,3,5,0,0,83,9,74,13,9,4,64,30,34
Centro,7633,7555,5124,2417,35,43,16332,3882,12450,20663,10905,9758,108355,55672,52683
Oeste,1638,1613,1194,415,10,15,2525,644,1881,4788,2657,2131,26835,14239,12596
Alcobaça,203,202,132,68,1,0,379,99,280,607,334,273,3278,1722,1556
Alenquer,212,210,173,37,1,1,268,84,184,592,314,278,3723,1910,1813
Arruda dos Vinhos,80,79,61,18,0,1,92,27,65,131,82,49,807,428,379
Bombarral,62,58,58,0,3,1,92,30,62,153,89,64,778,417,361
Cadaval,64,64,46,18,0,0,96,15,81,64,34,30,498,268,230
Caldas da Rainha,158,157,121,36,0,1,366,77,289,885,464,421,4755,2454,2301
Lourinhã,97,96,66,30,0,1,186,40,146,363,215,148,1961,1032,929
Nazaré,156,149,129,20,0,7,122,26,96,221,111,110,1290,656,634
Óbidos,63,62,44,18,1,0,95,29,66,184,105,79,1131,587,544
Peniche,115,112,79,33,1,2,227,67,160,335,179,156,1753,901,852
Sobral de Monte Agraço,95,94,57,37,1,0,48,7,41,96,49,47,481,247,234
Torres Vedras,333,330,228,100,2,1,554,143,411,1157,681,476,6380,3617,2763
Região de Aveiro,1266,1248,889,357,7,11,2435,710,1725,3447,1916,1531,16704,8457,8247
Águeda,130,130,88,42,0,0,296,75,221,444,271,173,1963,1058,905
Albergaria-a-Velha,75,75,53,22,0,0,172,54,118,162,84,78,813,425,388
Anadia,72,70,43,27,2,0,201,31,170,177,101,76,901,459,442
Aveiro,325,320,254,64,2,3,475,161,314,1529,899,630,6885,3513,3372
Estarreja,87,86,52,34,0,1,188,42,146,116,58,58,751,395,356
Ílhavo,107,106,80,26,0,1,261,83,178,275,142,133,1672,779,893
Murtosa,69,68,49,19,0,1,83,23,60,39,12,27,244,115,129
Oliveira do Bairro,98,98,62,36,0,0,162,53,109,217,105,112,1161,557,604
Ovar,147,141,113,28,2,4,361,130,231,233,118,115,1225,625,600
Sever do Vouga,18,18,12,6,0,0,78,17,61,104,51,53,307,134,173
Vagos,138,136,83,53,1,1,158,41,117,151,75,76,782,397,385
Região de Coimbra,1430,1413,949,464,10,7,3186,756,2430,4445,2135,2310,20589,10141,10448
Arganil,47,47,36,11,0,0,91,15,76,136,81,55,860,450,410
Cantanhede,151,151,110,41,0,0,282,55,227,130,66,64,854,425,429
Coimbra,462,457,293,164,3,2,938,260,678,2643,1181,1462,9034,4184,4850
Condeixa-a-Nova,45,45,26,19,0,0,103,35,68,53,17,36,405,168,237
Figueira da Foz,219,215,180,35,2,2,453,113,340,576,299,277,3366,1721,1645
Góis,10,10,8,2,0,0,24,1,23,24,11,13,291,160,131
Lousã,15,15,11,4,0,0,115,44,71,81,48,33,609,306,303
Mealhada,57,56,38,18,1,0,142,35,107,66,38,28,411,206,205
Mira,40,39,21,18,1,0,90,20,70,93,34,59,403,186,217
Miranda do Corvo,36,36,18,18,0,0,86,18,68,52,27,25,410,211,199
Montemor-o-Velho,101,99,55,44,1,1,174,36,138,70,35,35,395,210,185
Mortágua,27,26,20,6,1,0,80,11,69,80,48,32,387,221,166
Oliveira do Hospital,36,36,19,17,0,0,171,41,130,125,80,45,939,525,414
Pampilhosa da Serra,10,10,7,3,0,0,39,3,36,5,3,2,41,20,21
Penacova,39,39,20,19,0,0,98,19,79,27,21,6,213,112,101
Penela,45,44,30,14,1,0,42,7,35,67,39,28,452,254,198
Soure,37,37,24,13,0,0,133,19,114,48,23,25,330,159,171
Tábua,23,22,16,6,0,1,78,14,64,98,44,54,777,398,379
Vila Nova de Poiares,30,29,17,12,0,1,47,10,37,71,40,31,412,225,187
Região de Leiria,938,933,605,325,2,3,1967,526,1441,2943,1545,1398,17728,9191,8537
Alvaiázere,26,26,8,18,0,0,47,8,39,52,25,27,509,270,239
Ansião,29,29,14,15,0,0,90,17,73,57,31,26,446,240,206
Batalha,79,78,52,26,0,1,88,20,68,99,56,43,730,382,348
Castanheira de Pêra,7,7,5,2,0,0,21,2,19,24,13,11,148,79,69
Figueiró dos Vinhos,10,10,7,3,0,0,47,6,41,18,9,9,298,153,145
Leiria,427,424,275,148,1,2,837,271,566,1519,765,754,8580,4281,4299
Marinha Grande,124,124,99,24,0,0,254,67,187,548,303,245,3206,1745,1461
Pedrógão Grande,11,11,7,4,0,0,31,4,27,107,61,46,662,347,315
Pombal,160,159,98,60,1,0,390,93,297,322,181,141,2149,1177,972
Porto de Mós,65,65,40,25,0,0,162,38,124,197,101,96,1000,517,483
Viseu Dão Lafões,838,834,523,308,2,2,1992,462,1530,1313,663,650,7014,3570,3444
Aguiar da Beira,29,29,8,21,0,0,55,8,47,2,2,0,45,26,19
Carregal do Sal,26,26,21,5,0,0,58,10,48,36,16,20,237,115,122
Castro Daire,44,43,26,17,0,1,125,33,92,18,7,11,175,84,91
Mangualde,87,87,47,39,0,0,156,36,120,74,30,44,441,225,216
Nelas,47,47,32,15,0,0,110,27,83,43,26,17,294,149,145
Oliveira de Frades,60,60,35,25,0,0,65,12,53,91,56,35,470,297,173
Penalva do Castelo,34,34,9,25,0,0,70,11,59,9,5,4,71,36,35
Santa Comba Dão,51,50,40,10,1,0,91,20,71,48,28,20,326,186,140
São Pedro do Sul,43,42,33,9,0,1,120,24,96,82,50,32,339,177,162
Sátão,23,23,21,2,0,0,86,14,72,17,8,9,117,56,61
Tondela,49,49,36,13,0,0,236,35,201,100,53,47,499,275,224
Vila Nova de Paiva,12,12,9,3,0,0,34,7,27,2,2,0,51,21,30
Viseu,303,302,187,113,1,0,701,210,491,749,359,390,3781,1837,1944
Vouzela,30,30,19,11,0,0,85,15,70,42,21,21,168,86,82
Beira Baixa,240,238,162,76,1,1,712,111,601,825,426,399,4201,2230,1971
Castelo Branco,181,180,133,47,0,1,412,83,329,565,286,279,2597,1347,1250
Idanha-a-Nova,25,24,13,11,1,0,92,10,82,124,68,56,581,317,264
Oleiros,12,12,6,6,0,0,58,2,56,25,17,8,174,109,65
Penamacor,2,2,1,1,0,0,52,3,49,49,26,23,418,216,202
Proença-a-Nova,18,18,9,9,0,0,63,11,52,28,16,12,246,138,108
Vila Velha de Ródão,2,2,0,2,0,0,35,2,33,34,13,21,185,103,82
Médio Tejo,744,742,487,255,1,1,1779,375,1404,1652,888,764,9161,4612,4549
Abrantes,84,84,66,18,0,0,299,57,242,136,74,62,712,372,340
Alcanena,38,38,22,16,0,0,95,23,72,71,43,28,466,228,238
Constância,24,24,20,4,0,0,26,7,19,12,8,4,55,24,31
Entroncamento,30,30,27,3,0,0,133,40,93,334,165,169,1352,624,728
Ferreira do Zêzere,26,26,16,10,0,0,82,20,62,61,35,26,450,238,212
Mação,13,13,5,8,0,0,66,5,61,51,28,23,197,94,103
Ourém,207,206,123,83,0,1,299,72,227,485,266,219,2865,1472,1393
Sardoal,17,17,9,8,0,0,27,4,23,20,12,8,83,47,36
Sertã,55,55,35,20,0,0,114,21,93,102,54,48,651,357,294
Tomar,78,78,63,15,0,0,297,52,245,244,132,112,1351,663,688
Torres Novas,89,89,50,39,0,0,261,61,200,106,59,47,768,396,372
Vila de Rei,8,8,3,5,0,0,30,2,28,13,6,7,91,46,45
Vila Nova da Barquinha,75,74,48,26,1,0,50,11,39,17,6,11,120,51,69
Beiras e Serra da Estrela,539,534,315,217,2,3,1736,298,1438,1250,675,575,6123,3232,2891
Almeida,3,3,2,1,0,0,62,2,60,8,1,7,107,41,66
Belmonte,11,11,6,5,0,0,39,8,31,34,21,13,111,65,46
Celorico da Beira,13,13,10,3,0,0,50,8,42,25,9,16,169,78,91
Covilhã,122,121,90,31,1,0,362,76,286,422,231,191,1880,993,887
Figueira de Castelo Rodrigo,11,11,8,3,0,0,43,2,41,6,4,2,44,21,23
Fornos de Algodres,12,12,7,5,0,0,41,4,37,6,4,2,79,44,35
Fundão,86,85,49,35,0,1,229,33,196,324,193,131,1472,816,656
Gouveia,33,32,24,8,0,1,112,18,94,56,29,27,246,132,114
Guarda,116,116,55,61,0,0,259,61,198,203,103,100,1046,555,491
Manteigas,10,10,5,5,0,0,30,5,25,13,5,8,56,26,30
Mêda,15,15,7,8,0,0,31,3,28,9,6,3,41,24,17
Pinhel,17,17,8,9,0,0,86,10,76,12,5,7,91,47,44
Sabugal,15,15,8,7,0,0,109,14,95,17,9,8,145,70,75
Seia,53,51,27,23,1,1,206,41,165,95,43,52,518,256,262
Trancoso,22,22,9,13,0,0,77,13,64,20,12,8,118,64,54
A. M. Lisboa,9990,9587,8114,1428,210,193,16969,5116,11853,71817,39941,31876,382616,199951,182665
Alcochete,145,142,126,16,0,3,125,49,76,177,99,78,1440,753,687
Almada,473,462,416,44,5,6,1162,345,817,3810,2037,1773,19198,9730,9468
Amadora,181,174,135,37,4,3,966,271,695,4629,2690,1939,26980,14166,12814
Barreiro,359,350,311,38,3,6,581,187,394,1308,673,635,6890,3376,3514
Cascais,661,632,586,45,14,15,1272,418,854,5774,2963,2811,36381,17932,18449
Lisboa,2883,2714,2197,509,98,71,3197,820,2377,25169,14725,10444,118104,65631,52473
Loures,582,573,443,123,5,4,1171,340,831,4544,2567,1977,23910,12451,11459
Mafra,443,436,330,104,3,4,471,161,310,1284,671,613,6979,3480,3499
Moita,206,202,181,20,1,3,387,112,275,1063,533,530,5432,2617,2815
Montijo,128,125,111,14,2,1,358,105,253,1164,683,481,6663,3706,2957
Odivelas,x,x,x,x,x,x,883,241,642,4738,2886,1852,23766,13236,10530
Oeiras,659,637,581,53,13,9,948,259,689,2762,1359,1403,15751,7565,8186
Palmela,266,258,229,29,4,4,422,139,283,609,324,285,3789,1928,1861
Seixal,351,340,283,52,5,6,1050,338,712,2881,1457,1424,15066,7428,7638
Sesimbra,325,317,295,22,5,3,345,110,235,543,271,272,3620,1800,1820
Setúbal,903,857,751,101,26,20,796,223,573,2001,1051,950,10975,5586,5389
Sintra,1163,1113,923,185,19,31,2068,735,1333,7733,4107,3626,47607,23577,24030
Vila Franca de Xira,262,255,216,36,3,4,767,263,504,1628,845,783,10065,4989,5076
Alentejo,2326,2285,1636,644,24,17,5385,1128,4257,8011,5349,2662,44357,26708,17649
Alentejo Litoral,269,263,219,44,2,4,622,149,473,3043,2287,756,16394,10933,5461
Alcácer do Sal,51,49,38,11,0,2,90,26,64,61,38,23,489,280,209
Grândola,35,33,29,4,0,2,108,24,84,189,110,79,935,490,445
Odemira,43,41,33,8,2,0,166,28,138,2341,1870,471,12287,8690,3597
Santiago do Cacém,92,92,77,15,0,0,182,51,131,235,141,94,1436,787,649
Sines,48,48,42,6,0,0,76,20,56,217,128,89,1247,686,561
Baixo Alentejo,333,326,267,59,5,2,897,165,732,1075,797,278,5526,3519,2007
Aljustrel,10,10,8,2,0,0,73,15,58,45,32,13,217,139,78
Almodôvar,18,17,14,3,1,0,60,10,50,44,30,14,271,144,127
Alvito,8,8,6,2,0,0,25,3,22,17,9,8,82,36,46
Barrancos,4,3,3,0,1,0,17,2,15,5,1,4,23,11,12
Beja,121,121,93,28,0,0,245,52,193,437,321,116,2080,1326,754
Castro Verde,16,15,13,2,0,1,48,11,37,56,37,19,242,140,102
Cuba,13,13,11,2,0,0,40,5,35,76,62,14,381,299,82
Ferreira do Alentejo,32,32,30,2,0,0,68,15,53,179,154,25,742,562,180
Mértola,17,14,12,2,3,0,60,7,53,17,10,7,184,94,90
Moura,45,45,37,8,0,0,85,16,69,29,14,15,220,117,103
Ourique,11,11,8,3,0,0,30,5,25,32,14,18,427,204,223
Serpa,23,23,19,4,0,0,100,17,83,112,93,19,482,343,139
Vidigueira,15,14,13,1,0,1,46,7,39,26,20,6,175,104,71
Lezíria do Tejo,876,861,589,269,9,6,1811,435,1376,2457,1448,1009,13867,7776,6091
Almeirim,64,61,52,9,2,1,161,43,118,181,102,79,1094,602,492
Alpiarça,17,16,13,3,0,1,58,16,42,40,26,14,344,196,148
Azambuja,111,110,83,26,1,0,168,48,120,265,147,118,1490,775,715
Benavente,102,100,79,20,1,1,205,67,138,313,154,159,2439,1240,1199
Cartaxo,85,85,75,10,0,0,164,41,123,252,145,107,1163,640,523
Chamusca,10,10,9,1,0,0,69,11,58,17,8,9,129,68,61
Coruche,34,33,18,15,0,1,182,26,156,48,26,22,377,201,176
Golegã,90,89,28,61,1,0,57,11,46,14,10,4,141,80,61
Rio Maior,58,56,34,22,1,1,148,39,109,395,261,134,2026,1286,740
Salvaterra de Magos,73,72,55,16,1,0,174,33,141,108,62,46,664,352,312
Santarém,232,229,143,86,2,1,425,100,325,824,507,317,4000,2336,1664
Alto Alentejo,295,291,175,114,2,2,916,162,754,506,299,207,3175,1639,1536
Alter do Chão,6,5,2,3,0,1,32,3,29,28,12,16,123,57,66
Arronches,5,5,3,2,0,0,28,8,20,6,5,1,75,42,33
Avis,14,14,8,6,0,0,38,6,32,8,5,3,64,35,29
Campo Maior,15,15,10,5,0,0,63,13,50,17,6,11,245,113,132
Castelo de Vide,8,8,8,0,0,0,36,8,28,24,13,11,145,68,77
Crato,16,16,10,6,0,0,33,2,31,5,3,2,65,32,33
Elvas,71,70,37,33,1,0,161,30,131,89,60,29,676,327,349
Fronteira,15,15,12,3,0,0,25,2,23,26,15,11,81,43,38
Gavião,21,21,16,4,0,0,39,4,35,2,0,2,22,13,9
Marvão,4,4,3,1,0,0,38,6,32,42,23,19,234,123,111
Monforte,3,3,2,1,0,0,32,3,29,7,4,3,43,27,16
Nisa,10,10,2,8,0,0,73,9,64,19,9,10,105,53,52
Ponte de Sor,34,34,21,13,0,0,125,25,100,84,58,26,440,250,190
Portalegre,65,63,35,27,1,1,153,35,118,136,77,59,746,395,351
Sousel,8,8,6,2,0,0,40,8,32,13,9,4,111,61,50
Alentejo Central,553,544,386,158,6,3,1139,217,922,930,518,412,5395,2841,2554
Alandroal,17,17,14,3,0,0,44,4,40,24,14,10,129,75,54
Arraiolos,28,28,20,8,0,0,54,5,49,21,9,12,155,81,74
Borba,7,7,4,3,0,0,56,15,41,10,6,4,120,51,69
Estremoz,45,44,26,18,0,1,115,12,103,39,22,17,344,170,174
Évora,217,214,149,65,2,1,349,87,262,447,218,229,2494,1262,1232
Montemor-o-Novo,48,47,44,3,1,0,133,26,107,105,69,36,537,289,248
Mora,7,7,6,1,0,0,40,7,33,9,2,7,55,26,29
Mourão,12,12,9,3,0,0,23,3,20,20,13,7,70,43,27
Portel,11,10,8,2,1,0,41,6,35,12,7,5,137,81,56
Redondo,14,14,11,3,0,0,55,8,47,17,11,6,183,100,83
Reguengos de Monsaraz,37,36,29,7,1,0,61,16,45,48,28,20,333,193,140
Vendas Novas,51,50,34,16,1,0,89,15,74,127,88,39,577,338,239
Viana do Alentejo,18,18,10,8,0,0,34,7,27,13,9,4,116,63,53
Vila Viçosa,41,40,22,18,0,1,45,6,39,38,22,16,145,69,76
Algarve,1933,1882,1615,260,26,25,3074,833,2241,13204,7387,5817,109636,58436,51200
Albufeira,261,253,226,27,6,2,248,86,162,1974,1121,853,16779,9042,7737
Alcoutim,31,31,30,1,0,0,31,4,27,18,9,9,243,130,113
Aljezur,48,46,46,0,1,1,38,4,34,263,143,120,2264,1141,1123
Castro Marim,69,69,48,20,0,0,49,13,36,100,59,41,979,541,438
Faro,128,124,97,26,2,2,451,140,311,1543,914,629,10322,5662,4660
Lagoa,60,60,48,12,0,0,147,35,112,569,309,260,5574,2897,2677
Lagos,225,218,197,21,3,4,209,44,165,1248,653,595,12165,6307,5858
Loulé,320,314,257,56,0,6,466,111,355,2373,1266,1107,19364,10069,9295
Monchique,41,38,24,13,2,1,52,6,46,82,48,34,934,509,425
Olhão,70,68,57,9,1,1,303,88,215,647,365,282,5515,2931,2584
Portimão,138,135,119,16,0,3,407,139,268,1840,1012,828,13036,6964,6072
São Brás de Alportel,274,268,247,21,4,2,74,20,54,171,90,81,1683,821,862
Silves,77,76,70,6,0,1,228,52,176,909,537,372,7622,4228,3394
Tavira,75,72,47,24,3,0,197,48,149,832,498,334,7406,4108,3298
Vila do Bispo,61,57,57,0,3,1,43,9,34,256,139,117,2446,1230,1216
Vila Real de Santo António,55,53,45,8,1,1,131,34,97,379,224,155,3304,1856,1448
R. A. Açores,919,900,652,246,12,7,1630,581,1049,890,441,449,5105,2575,2530
Santa Maria,10,10,7,3,0,0,39,9,30,39,19,20,204,107,97
Vila do Porto,10,10,7,3,0,0,39,9,30,39,19,20,204,107,97
São Miguel,544,530,403,125,10,4,881,365,516,411,198,213,2319,1175,1144
Lagoa (R.A.A.),132,127,114,13,3,2,92,33,59,30,16,14,196,111,85
Nordeste,21,20,16,4,1,0,38,9,29,10,3,7,70,34,36
Ponta Delgada,215,208,149,59,5,2,483,226,257,294,138,156,1553,779,774
Povoação,20,19,14,5,1,0,46,13,33,10,3,7,98,51,47
Ribeira Grande,105,105,71,32,0,0,163,68,95,52,33,19,301,157,144
Vila Franca do Campo,51,51,39,12,0,0,59,16,43,15,5,10,101,43,58
Terceira,213,208,138,70,2,3,394,118,276,151,65,86,764,370,394
Angra do Heroísmo,162,157,102,55,2,3,239,66,173,101,43,58,508,253,255
Vila da Praia da Vitória,51,51,36,15,0,0,155,52,103,50,22,28,256,117,139
Graciosa,7,7,3,4,0,0,31,10,21,14,9,5,58,32,26
Santa Cruz da Graciosa,7,7,3,4,0,0,31,10,21,14,9,5,58,32,26
São Jorge,19,19,15,4,0,0,64,15,49,28,13,15,161,77,84
Calheta (R.A.A.),3,3,2,1,0,0,31,7,24,5,1,4,42,24,18
Velas,16,16,13,3,0,0,33,8,25,23,12,11,119,53,66
Pico,62,62,44,18,0,0,112,34,78,87,49,38,571,294,277
Lajes do Pico,15,15,13,2,0,0,43,12,31,24,12,12,179,79,100
Madalena,32,32,19,13,0,0,51,15,36,40,25,15,238,124,114
São Roque do Pico,15,15,12,3,0,0,18,7,11,23,12,11,154,91,63
Faial,53,53,34,19,0,0,82,22,60,134,78,56,833,428,405
Horta,53,53,34,19,0,0,82,22,60,134,78,56,833,428,405
Flores,10,10,8,2,0,0,26,7,19,23,9,14,183,87,96
Lajes das Flores,3,3,3,0,0,0,8,1,7,18,7,11,126,60,66
Santa Cruz das Flores,7,7,5,2,0,0,18,6,12,5,2,3,57,27,30
Corvo,1,1,0,1,0,0,1,1,0,3,1,2,12,5,7
Corvo,1,1,0,1,0,0,1,1,0,3,1,2,12,5,7
R. A. Madeira,1139,1110,796,312,11,18,1655,553,1102,2103,1047,1056,11793,5848,5945
Calheta (R.A.M.),76,71,56,15,1,4,87,23,64,210,102,108,1178,601,577
Câmara de Lobos,92,90,56,34,1,1,194,66,128,94,45,49,529,262,267
Funchal,485,478,305,171,3,4,683,217,466,1165,589,576,6032,3059,2973
Machico,86,86,61,25,0,0,132,38,94,69,32,37,433,199,234
Ponta do Sol,55,52,40,12,1,2,51,21,30,81,37,44,553,254,299
Porto Moniz,45,42,41,1,1,2,19,3,16,18,7,11,100,44,56
Ribeira Brava,56,55,38,17,0,1,90,27,63,81,40,41,553,255,298
Santa Cruz,164,158,133,25,2,4,262,119,143,218,120,98,1571,770,801
Santana,27,26,22,4,1,0,58,13,45,71,32,39,183,85,98
São Vicente,17,16,15,1,1,0,40,11,29,38,15,23,208,100,108
Porto Santo,36,36,29,7,0,0,39,15,24,58,28,30,453,219,234
